johnlewisweeklydistro.site	johnlewisweeklydistro.country	johnlewisweeklydistro.weekbegins	johnlewisweeklydistro.weekends	johnlewisweeklydistro.direct	johnlewisweeklydistro.displayads	johnlewisweeklydistro.mail	johnlewisweeklydistro.organic_search	johnlewisweeklydistro.paid_search	johnlewisweeklydistro.referrals	johnlewisweeklydistro.social
figleaves.com*	999	24.07.2017	30.07.2017	0.3141009055627425	0.025873221216041395	0.05433376455368693	0.32289780077619656	0.07503234152652004	0.17516170763260025	0.03260025873221215
javari.co.uk*	999	24.07.2017	30.07.2017	0.0	0.0	0.0	1.0	0.0	0.0	0.0
canon.co.uk*	999	25.07.2016	31.07.2016	0.2148809523809524	0.0011904761904761906	0.008928571428571428	0.655952380952381	0.016666666666666666	0.09226190476190477	0.01011904761904762
boots.com*	999	24.07.2017	30.07.2017	0.18999021421004425	0.007352809150162495	0.01649668719587739	0.5878476648770937	0.06922324170003409	0.10857064622124857	0.020518736645538927
lecreuset.co.uk*	999	24.07.2017	30.07.2017	0.2127659574468085	0.026595744680851064	0.0	0.5319148936170213	0.026595744680851064	0.20212765957446807	0.0
sainsbury.co.uk*	999	24.07.2017	30.07.2017	1.0	0.0	0.0	0.0	0.0	0.0	0.0
simbasleep.com*	999	24.07.2017	30.07.2017	0.17383177570093458	0.037383177570093455	0.0	0.40934579439252333	0.09345794392523364	0.12710280373831775	0.1588785046728972
uk.lizearle.com#	999	24.07.2017	30.07.2017	0.11083743842364531	0.03694581280788177	0.14778325123152708	0.27832512315270935	0.16009852216748768	0.229064039408867	0.03694581280788177
whistles.com*	999	24.07.2017	30.07.2017	0.24301439458086369	0.04233700254022016	0.06350550381033024	0.4267569856054192	0.05503810330228621	0.13971210838272652	0.029635901778154113
fitness-superstore.co.uk*	999	24.07.2017	30.07.2017	0.10621062106210624	0.025202520252025205	0.02700270027002701	0.5625562556255627	0.18451845184518456	0.09000900090009002	0.0045004500450045015
mulberry.com*	999	24.07.2017	30.07.2017	0.18082663605051663	0.04822043628013777	0.015068886337543054	0.4128874856486796	0.15714695752009183	0.10548220436280138	0.08036739380022961
sanderson-uk.com*	999	24.07.2017	30.07.2017	0.1833910034602076	0.0	0.05190311418685121	0.47750865051903113	0.0	0.25259515570934254	0.03460207612456747
elc.co.uk*	999	24.07.2017	30.07.2017	0.17275280898876408	0.04213483146067416	0.1264044943820225	0.44803370786516866	0.09831460674157305	0.08426966292134833	0.028089887640449444
hobbs.co.uk*	999	24.07.2017	30.07.2017	0.3151296829971182	0.05043227665706052	0.06051873198847262	0.2773775216138329	0.06556195965417867	0.19063400576368875	0.040345821325648415
missselfridge.com*	999	24.07.2017	30.07.2017	0.26112933077897194	0.011364743319154462	0.04091307594895606	0.44796571094587123	0.04091307594895606	0.17043867909211932	0.027275383965970706
shop.mango.com#	999	25.07.2016	31.07.2016	0.31996133397776705	0.024468342194296763	0.036974383760270665	0.3112010633156114	0.10065248912518125	0.17556790720154664	0.031174480425326244
disneystore.co.uk*	999	24.07.2017	30.07.2017	0.2612557427258805	0.02909647779479325	0.0349157733537519	0.42266462480857564	0.04226646248085757	0.15834609494640117	0.05145482388973965
steamer.co.uk*	999	24.07.2017	30.07.2017	0.15151515151515152	0.0	0.0	0.48484848484848486	0.24242424242424243	0.09090909090909091	0.030303030303030304
store.apple.com#	999	24.07.2017	30.07.2017	0.10137873003159013	2.641437910049654E-4	0.04486922529871012	0.015038586501216032	8.804793033498847E-5	0.828077268184017	0.010283998263126653
zalando.co.uk*	999	24.07.2017	30.07.2017	0.22437614002406178	0.03968642061551598	0.051670741646291776	0.37663678348274915	0.03718709977878683	0.22616136919315405	0.04428144525944037
swooneditions.com*	999	25.07.2016	31.07.2016	0.35294117647058826	0.007352941176470588	0.022058823529411766	0.22058823529411764	0.1323529411764706	0.19117647058823528	0.07352941176470588
harveynichols.com*	999	24.07.2017	30.07.2017	0.2745423270672072	0.015050989064995695	0.019351271654994465	0.47690133923086353	0.055903673669984014	0.12255805381496496	0.0356923454969898
thewhitecompany.com*	999	24.07.2017	30.07.2017	0.19523660294578504	0.016452522720150426	0.0658100908806017	0.4162488248198058	0.09048887496082733	0.1636634283923535	0.052099655280476345
zarahome.com*	999	24.07.2017	30.07.2017	0.17462094749835605	3.223039795332788E-4	0.07193824823182783	0.6001852620017422	0.025010788811782432	0.11045357378605467	0.01746887569070371
asos.com*	999	24.07.2017	30.07.2017	0.3451333195818333	0.011949766920948136	0.05129078788756004	0.20952556638868594	0.08629543661519733	0.21560667207877632	0.08019845052699909
fatface.com*	999	24.07.2017	30.07.2017	0.2868852459016394	0.0	0.08941877794336811	0.3807749627421759	0.0745156482861401	0.14232488822652758	0.026080476900149033
pcworld.co.uk*	999	24.07.2017	30.07.2017	0.20228359315053215	0.00413171649866539	0.011362220371329822	0.6211937381541062	0.07085893795211143	0.0739183756451708	0.016251418228083868
tedbaker.com*	999	24.07.2017	30.07.2017	0.23616356828698018	0.02931606742859011	0.04586255947417471	0.4233743725576756	0.09640130148297116	0.11942250780726275	0.049459622962345275
zara.com*	999	24.07.2017	30.07.2017	0.3555646237265856	6.256605877125429E-4	0.02366784623232591	0.43950413659245	0.0067371132084886615	0.14076348980516626	0.03313712984727129
boden.co.uk*	999	24.07.2017	30.07.2017	0.2606382978723404	0.022796352583586622	0.1025835866261398	0.20288753799392092	0.11778115501519755	0.2591185410334346	0.03419452887537993
dreams.co.uk*	999	24.07.2017	30.07.2017	0.16292618673691672	0.01950453417093064	0.010638836820507622	0.5365520036476011	0.12872992552814222	0.11398753736258169	0.02766097573331982
ralphlauren.co.uk*	999	24.07.2017	30.07.2017	0.2387610399303396	0.018285856449807188	0.08620475183480532	0.25129991292449305	0.1854708297051872	0.19385495708421444	0.026122652071153125
emmabridgewater.co.uk*	999	24.07.2017	30.07.2017	0.1891891891891892	0.0	0.05791505791505792	0.13513513513513514	0.009652509652509652	0.5888030888030888	0.019305019305019305
harlequin.uk.com*	999	24.07.2017	30.07.2017	0.19272727272727275	0.0	0.16363636363636364	0.3563636363636364	0.0	0.2690909090909091	0.01818181818181818
lauraashley.com*	999	24.07.2017	30.07.2017	0.18829032965426507	0.012791462612382133	0.06907389810686353	0.4482128499378699	0.09465682333162778	0.14092537095241575	0.04604926540457568
hotpoint.co.uk*	999	24.07.2017	30.07.2017	0.16442953020134232	0.0	0.0	0.6208053691275168	0.05033557046979866	0.11409395973154363	0.05033557046979866
joules.com*	999	24.07.2017	30.07.2017	0.22525804493017607	0.009107468123861566	0.09107468123861566	0.27990285367334544	0.050394656952034	0.30601092896174864	0.03825136612021857
samsung.com*	999	24.07.2017	30.07.2017	0.17922737914959183	0.008773150979991673	0.028863246317607043	0.593743674055789	0.058620913164372734	0.10070683407842766	0.03006480225422033
direct.asda.com#	999	24.07.2017	30.07.2017	0.20880226748508074	0.014005655779711803	0.02281289330989867	0.260362808714695	0.0874279432874648	0.32999308342542594	0.07659534799772275
heals.com*	999	24.07.2017	30.07.2017	0.17233009708737865	0.024271844660194178	0.0546116504854369	0.4526699029126214	0.14563106796116507	0.10436893203883496	0.04611650485436893
oakfurnitureland.co.uk*	999	24.07.2017	30.07.2017	0.13839662447257384	0.0	0.06329113924050633	0.2894514767932489	0.3924050632911392	0.05485232067510549	0.06160337552742616
rakuten.co.uk*	999	24.07.2017	30.07.2017	0.36622073578595316	0.0	0.02508361204013378	0.22575250836120403	0.004180602006688963	0.2173913043478261	0.16137123745819398
selfridges.co.uk*	999	24.07.2017	30.07.2017	1.0	0.0	0.0	0.0	0.0	0.0	0.0
kiddicare.com*	999	24.07.2017	30.07.2017	0.11376564277588169	0.017064846416382253	0.0	0.348122866894198	0.15130830489192265	0.32423208191126285	0.04550625711035268
mandmdirect.com*	999	24.07.2017	30.07.2017	0.2686473693199841	0.02880775580913032	0.05602140655372378	0.2548290810309631	0.14995974071393134	0.16089074687075547	0.08084389970151196
maplin.co.uk*	999	24.07.2017	30.07.2017	0.17367957997542252	0.011314697264111285	0.0296473713122916	0.6062672597339629	0.05764766644056699	0.10117722700944536	0.020266198264199328
orlakiely.com*	999	24.07.2017	30.07.2017	0.14285714285714285	0.0	0.10714285714285714	0.5357142857142857	0.0	0.14285714285714285	0.07142857142857142
simplyelectricals.co.uk*	999	24.07.2017	30.07.2017	0.031446540880503145	0.031446540880503145	0.0	0.8742138364779874	0.031446540880503145	0.031446540880503145	0.0
allbeauty.com*	999	24.07.2017	30.07.2017	0.2524104683195592	0.0234159779614325	0.08057851239669418	0.17871900826446274	0.24242424242424232	0.20867768595041317	0.013774104683195587
ao.com*	999	24.07.2017	30.07.2017	0.24536309070927384	0.006509425986981149	0.029469946741060113	0.29600135260799737	0.23564122072871763	0.16062219967875563	0.026392763547214478
ctshirts.com*	999	24.07.2017	30.07.2017	0.41384426475373837	0.012110586052754075	0.07422059166616427	0.26331874246131004	0.06245602235777459	0.1325277833845306	0.04152200932372825
westelm.co.uk*	999	24.07.2017	30.07.2017	0.38900634249471466	0.0	0.031712473572938694	0.41437632135306557	0.042283298097251586	0.06342494714587739	0.05919661733615222
matalan.co.uk*	999	24.07.2017	30.07.2017	0.18081424866555987	0.005763135145519164	0.10304485640188267	0.44898664873691313	0.0654692152530977	0.14203658218642373	0.05388531361060418
wallis-fashion.com*	999	24.07.2017	30.07.2017	1.0	0.0	0.0	0.0	0.0	0.0	0.0
littlewoods.com*	999	24.07.2017	30.07.2017	0.365148113563666	0.007649057278525025	0.0429737945284406	0.2740349273836251	0.010430532652534125	0.2690282717104088	0.030735302882800557
techradar.com*	999	24.07.2017	30.07.2017	0.10537712840966576	1.9760981074729914E-4	0.0017784882967256921	0.8539473456448267	1.4371622599803575E-4	0.02362239809562421	0.014933313516412566
achica.com*	999	24.07.2017	30.07.2017	0.26414787069456874	0.0	0.28214314795212114	0.17555573650354206	0.004559889259832261	0.23654425535379853	0.03704910023613712
argos.co.uk*	999	24.07.2017	30.07.2017	0.26833535112383833	0.006968204922182055	0.01899579869066124	0.501769596897981	0.06912787681269267	0.11750067744542927	0.017302494107214943
lakeland.co.uk*	999	24.07.2017	30.07.2017	0.13360631685651025	0.01960679702296796	0.03781310854429535	0.5062555019073277	0.11624029663616718	0.15013204577586894	0.03634593325686237
oceanlighting.co.uk*	999	24.07.2017	30.07.2017	0.16203703703703703	0.0	0.0	0.4537037037037037	0.3379629629629629	0.023148148148148147	0.023148148148148147
seafolly.com*	999	24.07.2017	30.07.2017	0.12135922330097086	0.0	0.0	0.6844660194174758	0.0	0.1699029126213592	0.024271844660194174
aldoshoes.com*	999	24.07.2017	30.07.2017	0.3453615127375504	0.0148186914765274	0.05834859768882664	0.4254118534849164	0.0790021489342367	0.05353252295895523	0.023524672718987248
hugoboss.com*	999	24.07.2017	30.07.2017	0.21735612373043472	0.01031320815608725	0.06128992275617566	0.3914528995081934	0.14006318886267063	0.13178923637826326	0.047735420608175275
dorothyperkins.com*	999	24.07.2017	30.07.2017	0.3037106555010106	0.014727115218019055	0.03898354028299161	0.40521224371931847	0.030970257002598894	0.17867455963037823	0.02772162864568293
ledhut.co.uk*	999	24.07.2017	30.07.2017	0.1457943925233645	0.009345794392523366	0.042056074766355145	0.2794392523364487	0.1663551401869159	0.3523364485981309	0.004672897196261683
lkbennett.com*	999	24.07.2017	30.07.2017	0.30228471001757473	0.03075571177504394	0.02636203866432338	0.21792618629173993	0.09490333919156417	0.3014059753954306	0.02636203866432338
mrporter.com*	999	24.07.2017	30.07.2017	0.41528267766018756	0.030420486325073173	0.047108295966256174	0.1673802758686249	0.09473164778563528	0.16084566981413181	0.08423094658009152
siemens.co.uk*	999	24.07.2017	30.07.2017	0.17647058823529413	0.0	0.0	0.7843137254901961	0.0	0.0392156862745098	0.0
spacenk.com*	999	24.07.2017	30.07.2017	0.3123644251626898	0.05061460592913956	0.02169197396963124	0.3412870571221982	0.081706435285611	0.15618221258134493	0.0361532899493854
wayfair.com*	999	24.07.2017	30.07.2017	0.24124249900736577	0.042216044441445784	0.06302353796469157	0.32917654022265197	0.13573914111544727	0.12711448235650966	0.06148775489188788
dyson.co.uk*	999	24.07.2017	30.07.2017	0.2317489197179895	0.01137138958380714	0.006822833750284284	0.4171025699340458	0.1423697975892654	0.18467136684102797	0.005913122583579713
houseology.com*	999	24.07.2017	30.07.2017	0.12427745664739884	0.014450867052023121	0.0	0.40462427745664736	0.2254335260115607	0.15895953757225434	0.0722543352601156
mothercare.com*	999	24.07.2017	30.07.2017	0.14813880126182963	0.008832807570977918	0.05299684542586751	0.5890220820189276	0.08858044164037855	0.1003154574132492	0.012113564668769715
qvcuk.com*	999	24.07.2017	30.07.2017	0.3415422036097481	0.0016554861628948216	0.1261480456125854	0.3672341305347256	0.019865833954737858	0.11392109780949079	0.029633202315817304
johnlewis.com*	999	25.07.2016	31.07.2016	0.2426646830316555	0.005950905033473841	0.02206793949913216	0.43730886850152906	0.0819902471278618	0.19274320191751385	0.017274154888833788
hm.com*	999	24.07.2017	30.07.2017	0.279620509384497	0.0022629167407292577	0.0402282970725928	0.4075459579840378	0.04580455609683012	0.16625545040390513	0.05828231231740782
mankind.co.uk*	999	24.07.2017	30.07.2017	0.2676669739644594	0.09012302508185778	0.11015036398893728	0.25100931430206314	0.050068347267698765	0.2009409670343644	0.030041008360619258
appliancesdirect.co.uk*	999	24.07.2017	30.07.2017	0.10201177625122666	0.042934249263984293	0.03400392541707556	0.5392541707556429	0.16349362119725216	0.1148675171736997	0.0034347399411187437
boohoo.com*	999	24.07.2017	30.07.2017	0.3692165318160709	0.01482287080483412	0.03546810424141269	0.36473487882377653	0.018051866674840867	0.15911034818496786	0.03859539945409638
sainsburysentertainment.co.uk*	999	24.07.2017	30.07.2017	0.5	0.0	0.0	0.0	0.0	0.25	0.25
feelunique.com*	999	24.07.2017	30.07.2017	0.30103981504503274	0.058837500139161565	0.05447339416857475	0.2579832338173682	0.07676150680407173	0.20492557640710884	0.04597897361868255
jessops.com*	999	24.07.2017	30.07.2017	0.26179987413467587	0.026117054751415986	0.014159848961611076	0.47514159848961607	0.07394587791063562	0.1331025802391441	0.015733165512901194
sofa.com*	999	24.07.2017	30.07.2017	0.49687499999999996	0.0	0.0	0.1875	0.203125	0.1125	0.0
dfs.co.uk*	999	24.07.2017	30.07.2017	0.21641468682505394	0.004319654427645788	0.0	0.6505399568034558	0.05183585313174945	0.06177105831533477	0.015118790496760258
grahambrown.com*	999	24.07.2017	30.07.2017	0.147654636640771	0.028395122430917498	0.014197561215458749	0.41078277116727313	0.10884796931851708	0.23995722293244176	0.05016471629462091
loaf.com*	999	24.07.2017	30.07.2017	0.1848552338530067	0.0	0.0	0.3919821826280624	0.23385300668151449	0.1447661469933185	0.044543429844097995
panasonic.com*	999	24.07.2017	30.07.2017	0.20031873768245834	0.00642922106292997	0.012083153703565445	0.5897155823913325	0.018531284240209913	0.15140303983240272	0.021518981087100895
sportsdirect.com*	999	24.07.2017	30.07.2017	0.34850276178001216	0.009295368928599897	0.04008081492567135	0.3565059824691173	0.015341729595322401	0.173348053408037	0.05692528889323942
clarks.co.uk*	999	24.07.2017	30.07.2017	0.26591037386460903	0.020301132155097306	0.10944521245990577	0.2578846787622758	0.11220180183315802	0.20390560334654123	0.030351197578412804
debenhams.com*	999	24.07.2017	30.07.2017	0.19823188788427465	0.011998888772862412	0.07248983837949982	0.5239376845888163	0.038437819551686826	0.13653316835682208	0.018370712466037626
groovystyle.co.uk*	999	24.07.2017	30.07.2017	0.0	0.0	0.0	0.5714285714285714	0.2857142857142857	0.14285714285714285	0.0
net-a-porter.com*	999	24.07.2017	30.07.2017	0.3029406152119984	0.05181795877256039	0.04166175248901304	0.21595271198040644	0.13237632413772327	0.20812015845891385	0.047130478949384685
warehouse.co.uk*	999	24.07.2017	30.07.2017	0.2925930631431839	0.00444670308728243	0.06670054630923646	0.4500063524329819	0.02223351543641215	0.14623300724177363	0.01778681234912972
dawsonsdepartmentstore.co.uk*	999	24.07.2017	30.07.2017	0.0	0.0	0.0	0.25	0.0	0.75	0.0
phoneshopbysainsburys.co.uk*	999	24.07.2017	30.07.2017	0.0	0.0	0.0	1.0	0.0	0.0	0.0
topshop.com*	999	24.07.2017	30.07.2017	0.31511142481297444	0.020710721100472954	0.019365446393056165	0.4210818324110301	0.036148833267038175	0.1423957004316305	0.045186041583797715
lookfantastic.com*	999	24.07.2017	30.07.2017	0.25955992518532306	0.051684799106924285	0.07427430920610449	0.2674146205540952	0.09541809065893717	0.21225214967564585	0.03939610561297026
mamasandpapas.co.uk*	999	24.07.2017	30.07.2017	1.0	0.0	0.0	0.0	0.0	0.0	0.0
tuclothing.sainsburys.co.uk#	999	24.07.2017	30.07.2017	0.10148465524113191	0.022668393782383417	0.1360103626943005	0.3365384615384615	0.10253088880031884	0.27236946990832994	0.02839776803507373
barbour.com*	999	24.07.2017	30.07.2017	0.18853469531525188	0.0	0.04623106727721028	0.5405952800281789	0.05116238112011272	0.139573793589292	0.03390278266995421
jaeger.co.uk*	999	24.07.2017	30.07.2017	0.1948640483383686	0.0	0.20392749244712993	0.38519637462235656	0.06042296072507554	0.14048338368580063	0.015105740181268885
bathstore.com*	999	24.07.2017	30.07.2017	0.12771739130434784	0.009057971014492754	0.027173913043478264	0.6585144927536233	0.10507246376811596	0.06793478260869566	0.004528985507246377
dabs.com*	999	24.07.2017	30.07.2017	0.3333333333333333	0.0	0.0	0.5	0.0	0.16666666666666666	0.0
ebuyer.com*	999	24.07.2017	30.07.2017	0.31853633813986776	0.01117491542805857	0.04206056729379978	0.24089983738272386	0.10379063517499418	0.2562395736898743	0.027298132890681816
habitat.co.uk*	999	24.07.2017	30.07.2017	0.2188427299703264	0.0037091988130563795	0.011127596439169139	0.4673590504451038	0.11461424332344214	0.1487388724035608	0.03560830860534124
josephjoseph.com*	999	24.07.2017	30.07.2017	0.27667386609071276	0.00755939524838013	0.02267818574514039	0.45507559395248387	0.05291576673866091	0.11036717062634989	0.07473002159827215
fisherpaykel.com*	999	24.07.2017	30.07.2017	0.19828990228013021	0.002850162866449511	0.0513029315960912	0.5717426710097718	0.0256514657980456	0.1273615635179153	0.022801302931596087
newlook.com*	999	24.07.2017	30.07.2017	0.2591986891546748	0.01376128311471764	0.04673845120050474	0.35561865043862284	0.07593661407862326	0.2071772547285022	0.04156905728435432
swooneditions.com*	999	24.07.2017	30.07.2017	0.34587155963302757	0.0	0.0	0.16972477064220184	0.30733944954128445	0.11743119266055048	0.05963302752293579
jdsports.co.uk*	999	24.07.2017	30.07.2017	0.26510694399119994	0.018706013408502534	0.03053716718823918	0.4041777939888411	0.08614511262401553	0.13897291456650543	0.056354054232696675
lauraashley.com*	999	25.07.2016	31.07.2016	0.21428571428571427	0.003663003663003663	0.06043956043956044	0.48717948717948717	0.09340659340659341	0.11538461538461539	0.02564102564102564
furniturevillage.co.uk*	999	24.07.2017	30.07.2017	0.18955773955773958	0.004299754299754301	0.012899262899262902	0.6074938574938575	0.10319410319410321	0.06965601965601967	0.012899262899262902
lighting-direct.co.uk*	999	24.07.2017	30.07.2017	0.14787430683918668	0.0	0.0	0.7042513863216266	0.12014787430683918	0.018484288354898334	0.009242144177449167
riverisland.com*	999	24.07.2017	30.07.2017	0.20465606795147084	0.01889168047136959	0.04613084766264667	0.4574276275373869	0.038808490890797985	0.19351942897028648	0.04056585651604167
shop.mango.com#	999	24.07.2017	30.07.2017	0.3173595923498517	0.020875450411537256	0.06229781955600398	0.3388726043011213	0.10693706138683871	0.12934612777766927	0.024311344216977164
sofology.co.uk*	999	24.07.2017	30.07.2017	0.1990349819059108	0.0	0.0	0.2629674306393246	0.40530759951749107	0.08685162846803379	0.04583835946924006
sweatybetty.com*	999	24.07.2017	30.07.2017	0.272761287104016	0.059366425542529314	0.05238214018458469	0.2950860563731604	0.06984285357944625	0.20254427538039416	0.0480169618358693
blinds-2go.co.uk*	999	24.07.2017	30.07.2017	0.1247689463955638	0.0	0.08317929759704254	0.29020332717190395	0.36598890942698714	0.1358595194085028	0.0
toysrus.co.uk*	999	24.07.2017	30.07.2017	0.16586250345738957	0.024309290389993545	0.025815175635391374	0.6205169181597466	0.046897569070960994	0.10369095546882201	0.012907587817695687
currys.co.uk*	999	24.07.2017	30.07.2017	0.2098331561038214	0.016263597972716353	0.024509571983843993	0.4551868269241479	0.1595659401722514	0.10710644294497573	0.02753446389824271
farfetch.com*	999	24.07.2017	30.07.2017	0.28060541754643636	0.07658464459003793	0.03424591928106641	0.2320587465153028	0.1808565820080532	0.14678052735275401	0.04886816270634933
hughes.co.uk*	999	24.07.2017	30.07.2017	0.26165413533834586	0.10526315789473684	0.0	0.48270676691729325	0.007518796992481203	0.12781954887218044	0.015037593984962405
office.co.uk*	999	24.07.2017	30.07.2017	0.16562868204006054	0.04443696347416259	0.035347584581720236	0.4982326207709138	0.09981484598552427	0.11782528193906745	0.038714021208550733
diy.com*	999	24.07.2017	30.07.2017	0.2041175129450864	0.005462438682715517	0.04165932151998702	0.551661648462455	0.09374992654853316	0.09351018096090968	0.00983897088031289
hotter.com*	999	24.07.2017	30.07.2017	0.17408906882591094	0.07113938692886061	0.18218623481781376	0.2278773857721226	0.06072874493927125	0.2591093117408907	0.02486986697513013
notonthehighstreet.com*	999	24.07.2017	30.07.2017	0.16434451718117285	0.008513421999456396	0.03352159912285956	0.5346885091837159	0.07364110029529781	0.1332525602458205	0.05203829197167722
oasis-stores.com*	999	24.07.2017	30.07.2017	0.32958610117526826	0.010219724067450179	0.0689831374552887	0.4435360245273377	0.02708226877874297	0.09248850281042412	0.028104241185487988
etsy.com*	999	24.07.2017	30.07.2017	0.3093751863096213	0.0039784387706824804	0.04134219737891032	0.2781700653653098	0.04736853828825769	0.18375569396965635	0.13600987991756144
halfords.com*	999	24.07.2017	30.07.2017	0.15130902540734836	0.00690908791814376	0.023318171723735192	0.6031469250446211	0.08359996380953949	0.11381077324208953	0.01790605285452258
harrods.com*	999	24.07.2017	30.07.2017	0.21244046082733062	0.04615312419343487	0.020202257209225936	0.4109434759144984	0.14765714822027737	0.14207278443886534	0.020530749196367826
made.com*	999	24.07.2017	30.07.2017	0.37503655673737385	0.03629590011250254	0.04747238154958413	0.1496099297320227	0.17611257630807262	0.14963100749050845	0.06584164806993602
bensonsforbeds.co.uk*	999	24.07.2017	30.07.2017	0.1414728682170543	0.0	0.0	0.5155038759689924	0.16279069767441862	0.15794573643410856	0.022286821705426358
canon.co.uk*	999	24.07.2017	30.07.2017	0.10965667700080378	5.741187277528994E-4	0.0034447123665173962	0.7832127684005051	0.017797680560339882	0.07497990584452865	0.01033413709955219
purecollection.com*	999	24.07.2017	30.07.2017	0.22633744855967078	0.0205761316872428	0.30864197530864196	0.1646090534979424	0.0823045267489712	0.17695473251028807	0.0205761316872428
reiss.com*	999	24.07.2017	30.07.2017	0.2853736089030206	0.05365659777424483	0.05365659777424483	0.3720190779014308	0.06558028616852146	0.13275039745627978	0.03696343402225755
goldsmiths.co.uk*	999	24.07.2017	30.07.2017	0.1724517906336088	0.005509641873278237	0.008264462809917356	0.5597796143250688	0.14600550964187328	0.10247933884297522	0.005509641873278237
homebase.co.uk*	999	24.07.2017	30.07.2017	0.14240538199689812	0.0014099542771970112	0.01290108163635265	0.6719439241041755	0.10225189840272325	0.058301609362096406	0.010786150220557136
dabs.com*	999	25.07.2016	31.07.2016	0.76	0.0	0.0	0.18	0.0	0.04	0.02
lecreuset.co.uk*	999	25.07.2016	31.07.2016	0.4375	0.0	0.0	0.3125	0.14583333333333334	0.10416666666666667	0.0
bosch-home.co.uk*	999	24.07.2017	30.07.2017	0.20886075949367094	0.0	0.02373417721518988	0.6265822784810128	0.0	0.13291139240506333	0.007911392405063293
hp.com*	999	24.07.2017	30.07.2017	0.24643505273871247	0.007193519271112218	0.014207686360645639	0.5995460537208471	0.023166534325431577	0.09606592178720157	0.013385231796049156
nespresso.com*	999	24.07.2017	30.07.2017	0.27537432267744255	0.028227931764371234	0.07742183774377338	0.3093359659323835	0.1571471996564236	0.12453810993889806	0.02795463228670789
dunelm.com*	999	24.07.2017	30.07.2017	0.1603283173734611	0.012716826265389884	0.047343365253078	0.5418331053351576	0.1293132694938441	0.09881258549931604	0.009652530779753766
dwell.co.uk*	999	24.07.2017	30.07.2017	0.38984113712374585	0.029264214046822744	0.06584448160535117	0.2048494983277592	0.19460702341137126	0.09364548494983277	0.021948160535117056
houseoffraser.co.uk*	999	24.07.2017	30.07.2017	0.21878957061209145	0.05205566199106273	0.041141686754736735	0.40638843916623274	0.13182482130996898	0.12808615215646313	0.021713668009444388
laptopsdirect.co.uk*	999	24.07.2017	30.07.2017	0.13178755449861274	0.02556480380499404	0.013674197384066581	0.635751089972255	0.11078081648830752	0.058660325009908816	0.023781212841854926
marksandspencer.com*	999	24.07.2017	30.07.2017	0.2869274191106401	0.007943487715021819	0.08371019378664711	0.41212895907445773	0.046244253321846764	0.14265571534072508	0.0203899716506611
moss.co.uk*	999	24.07.2017	30.07.2017	0.1754563894523326	0.007606490872210952	0.04563894523326572	0.4756592292089249	0.1648073022312373	0.10040567951318458	0.03042596348884381
aeg.co.uk*	999	24.07.2017	30.07.2017	0.08385744234800838	0.0	0.0	0.7148846960167715	0.020964360587002094	0.1593291404612159	0.020964360587002094
glassesdirect.co.uk*	999	24.07.2017	30.07.2017	0.20046945378417813	0.008881558079045867	0.08393072384698344	0.3494893104104549	0.12167734568292837	0.20827253695362558	0.027279071242783733
next.co.uk*	999	24.07.2017	30.07.2017	0.3229934519050609	0.003330639504412377	0.03469920792778713	0.4122985665994531	0.01583567691643339	0.19179725488980418	0.019045202257048956
amazon.co.uk*	999	24.07.2017	30.07.2017	0.4145026339945584	0.002341732720359983	0.03939957296752782	0.2810822674172242	0.027719521278045372	0.18619264386431666	0.04876162775796765
lg.com*	999	24.07.2017	30.07.2017	0.15376194886020614	0.05128031792917457	0.013850727861726158	0.6180073386278528	0.04841822962370011	0.08120001769752284	0.03348141939981759
simplehuman.com*	999	24.07.2017	30.07.2017	0.18582375478927204	0.0363984674329502	0.014367816091954026	0.4224137931034484	0.12452107279693489	0.18007662835249047	0.0363984674329502
whitestuff.com*	999	24.07.2017	30.07.2017	0.3033112582781457	0.033112582781456956	0.09139072847682118	0.2556291390728477	0.1456953642384106	0.13112582781456955	0.039735099337748346
worldstores.co.uk*	999	24.07.2017	30.07.2017	0.0901967511572377	0.00798929779951912	0.06315903060419843	0.13294191538399816	0.15467280539869016	0.5446487614167412	0.0063914382396152965
bhsdirect.co.uk*	999	24.07.2017	30.07.2017	0.0	0.0	0.0	1.0	0.0	0.0	0.0
johnlewis.com*	999	24.07.2017	30.07.2017	0.22112007312352772	0.009413533977623052	0.02943370723199904	0.4649063248065577	0.11347587322116516	0.13824046763148748	0.02341002000763974
phase-eight.com*	999	24.07.2017	30.07.2017	0.1481481481481482	0.009496676163342831	0.1566951566951567	0.2905982905982907	0.04748338081671416	0.31908831908831914	0.028490028490028494
richersounds.com*	999	24.07.2017	30.07.2017	0.19258533181595403	0.0	0.02354983677097264	0.6441939476504157	0.0	0.119086581992474	0.020584301770183496
very.co.uk*	999	24.07.2017	30.07.2017	0.3184287050287053	0.0067759439561491785	0.042638866846011904	0.3320212538513097	0.05922064839723875	0.21232340376415104	0.028591178156434336
ikea.com*	999	24.07.2017	30.07.2017	0.26533533999592734	0.00696651549544058	0.04316145356801323	0.3866167754543647	0.07301238334996235	0.18481302407743652	0.04009450805885524
seasaltcornwall.co.uk*	999	24.07.2017	30.07.2017	0.2108843537414966	0.0	0.1785714285714286	0.3673469387755103	0.08503401360544219	0.10714285714285716	0.051020408163265314
sony.co.uk*	999	24.07.2017	30.07.2017	0.18857942087684096	0.001953773108018843	0.012699525202122478	0.6804526551156291	0.006707954337531361	0.09755840386040757	0.012048267499449532
tiffany.co.uk*	999	24.07.2017	30.07.2017	0.16570605187319884	0.007204610951008645	0.0	0.5086455331412103	0.13688760806916425	0.1743515850144092	0.007204610951008645
decathlon.co.uk*	999	24.07.2017	30.07.2017	0.19821067917410834	0.00876299844769742	0.016824957019579045	0.5534709819565692	5.841998965131613E-4	0.20578858640316475	0.016357597102368518
georgjensen.com*	999	24.07.2017	30.07.2017	0.3083518577326135	0.028580501746586214	0.028580501746586214	0.36201968879009205	0.1524293426484598	0.12003810733566209	0.0
homesense.com*	999	24.07.2017	30.07.2017	0.03614457831325301	0.0	0.03614457831325301	0.6626506024096386	0.08433734939759036	0.18072289156626506	0.0
jigsaw-online.com*	999	24.07.2017	30.07.2017	0.22331691297208545	0.008210180623973728	0.049261083743842374	0.4449917898193761	0.07389162561576355	0.18390804597701155	0.016420361247947456
farfetch.com*	999	25.07.2016	31.07.2016	0.2795891750896642	0.07148679491359634	0.02200847733941963	0.1933485490707532	0.2023964786436257	0.2042712748614281	0.02689925008151288
direct.tesco.com#	999	25.07.2016	31.07.2016	0.0	0.0	0.0	0.0	0.0	1.0	0.0
glassesdirect.co.uk*	999	25.07.2016	31.07.2016	0.34102564102564104	0.005128205128205128	0.06923076923076923	0.3717948717948718	0.09230769230769231	0.10256410256410256	0.017948717948717947
richersounds.com*	999	25.07.2016	31.07.2016	0.2490272373540856	6.485084306095979E-4	0.04669260700389105	0.5577172503242542	0.0	0.1264591439688716	0.019455252918287938
appliancesdirect.co.uk*	999	25.07.2016	31.07.2016	0.14214463840399003	0.07231920199501247	0.003740648379052369	0.49625935162094764	0.20324189526184538	0.0773067331670823	0.004987531172069825
marksandspencer.com*	999	25.07.2016	31.07.2016	0.3243190280227317	0.008622378992749364	0.08671369782480894	0.3522437781697041	0.061826376641191456	0.15892612188908486	0.007348618459729571
samsung.com*	999	25.07.2016	31.07.2016	0.22173125776985028	0.01418166585589968	0.022681206421274525	0.559449489216799	0.051112102048537916	0.1121493432787417	0.018688179017350412
furniturevillage.co.uk*	999	25.07.2016	31.07.2016	0.14457831325301204	0.018072289156626505	0.009036144578313253	0.5843373493975904	0.18072289156626506	0.04216867469879518	0.02108433734939759
pcworld.co.uk*	999	25.07.2016	31.07.2016	0.26299536798764794	0.0018013381369016985	0.01080802882141019	0.5154400411734431	0.07025218733916624	0.12480699948533196	0.013896037056098817
dwell.co.uk*	999	25.07.2016	31.07.2016	0.38016528925619836	0.008264462809917356	0.049586776859504134	0.2066115702479339	0.2066115702479339	0.1322314049586777	0.01652892561983471
warehouse.co.uk*	999	25.07.2016	31.07.2016	0.29550827423167847	0.0	0.028368794326241134	0.44208037825059104	0.02364066193853428	0.1867612293144208	0.02364066193853428
boden.co.uk*	999	25.07.2016	31.07.2016	0.42474916387959866	0.005016722408026756	0.015050167224080268	0.2040133779264214	0.12876254180602006	0.19063545150501673	0.03177257525083612
fatface.com*	999	25.07.2016	31.07.2016	0.28823529411764703	0.0029411764705882353	0.04411764705882353	0.4147058823529412	0.11470588235294117	0.1264705882352941	0.008823529411764706
habitat.co.uk*	999	25.07.2016	31.07.2016	0.22580645161290322	0.003395585738539898	0.04074702886247878	0.5110356536502547	0.042444821731748725	0.16129032258064516	0.015280135823429542
spacenk.com*	999	25.07.2016	31.07.2016	0.4370015948963317	0.003189792663476874	0.04784688995215311	0.215311004784689	0.0733652312599681	0.17065390749601275	0.05263157894736842
emmabridgewater.co.uk*	999	25.07.2016	31.07.2016	0.359375	0.0	0.140625	0.359375	0.015625	0.125	0.0
boots.com*	999	25.07.2016	31.07.2016	0.20195479535736102	0.004276114844227245	0.01979230299328039	0.5765424557116677	0.06389737324373855	0.1144777031154551	0.019059254734270007
hotter.com*	999	25.07.2016	31.07.2016	0.2775	0.035	0.225	0.195	0.12	0.13	0.0175
bhsdirect.co.uk*	999	25.07.2016	31.07.2016	0.25806451612903225	0.21505376344086022	0.0	0.1935483870967742	0.27956989247311825	0.043010752688172046	0.010752688172043012
net-a-porter.com*	999	25.07.2016	31.07.2016	0.30926243567753003	0.009433962264150943	0.03550600343053173	0.21715265866209263	0.10445969125214408	0.2902229845626072	0.033962264150943396
phoneshopbysainsburys.co.uk*	999	25.07.2016	31.07.2016	0.11578947368421053	0.0	0.0	0.43157894736842106	0.09473684210526316	0.35789473684210527	0.0
loaf.com*	999	25.07.2016	31.07.2016	0.23893805309734514	0.0	0.05309734513274336	0.19469026548672566	0.19469026548672566	0.2743362831858407	0.04424778761061947
purecollection.com*	999	25.07.2016	31.07.2016	0.07142857142857142	0.0	0.336734693877551	0.23469387755102042	0.1326530612244898	0.1836734693877551	0.04081632653061224
orlakiely.com*	999	25.07.2016	31.07.2016	0.4444444444444444	0.0	0.0	0.46296296296296297	0.0	0.07407407407407407	0.018518518518518517
sainsbury.co.uk*	999	25.07.2016	31.07.2016	1.0	0.0	0.0	0.0	0.0	0.0	0.0
sofology.co.uk*	999	25.07.2016	31.07.2016	0.28	0.0	0.0	0.42	0.26666666666666666	0.02	0.013333333333333334
georgjensen.com*	999	25.07.2016	31.07.2016	0.3508771929824561	0.005847953216374269	0.0	0.3157894736842105	0.13450292397660818	0.1871345029239766	0.005847953216374269
newlook.com*	999	25.07.2016	31.07.2016	0.2885615251299827	0.021086077411900637	0.04636048526863085	0.34705372616984403	0.07755632582322357	0.18457538994800693	0.034806470248411325
techradar.com*	999	25.07.2016	31.07.2016	0.17469459973271595	0.0011293692472753966	0.00333163927946242	0.7553221525777853	3.764564157584656E-5	0.040299659306943736	0.025184934214241346
diy.com*	999	25.07.2016	31.07.2016	0.2449707518904266	0.013982023113140249	0.017120844628334998	0.527322014552718	0.09972891996005136	0.09159651876159224	0.0052789270937366245
grahambrown.com*	999	25.07.2016	31.07.2016	0.1865671641791045	0.007462686567164179	0.04477611940298507	0.417910447761194	0.08955223880597014	0.21641791044776118	0.03731343283582089
barbour.com*	999	25.07.2016	31.07.2016	0.28846153846153844	0.0	0.024725274725274724	0.47527472527472525	0.07417582417582418	0.10714285714285714	0.03021978021978022
topshop.com*	999	25.07.2016	31.07.2016	0.3226890756302521	0.006417112299465241	0.024293353705118412	0.41268143621084796	0.020932009167303284	0.1841100076394194	0.028877005347593583
hm.com*	999	25.07.2016	31.07.2016	0.31139560043274433	0.0030652722683014787	0.04478903714388749	0.3253876667868734	0.12513523260007212	0.15648515446568098	0.033742036302440194
ledhut.co.uk*	999	25.07.2016	31.07.2016	0.20588235294117646	0.0	0.0	0.33088235294117646	0.3014705882352941	0.15441176470588236	0.007352941176470588
kiddicare.com*	999	25.07.2016	31.07.2016	0.13986013986013987	0.006993006993006993	0.02097902097902098	0.27972027972027974	0.32167832167832167	0.1888111888111888	0.04195804195804196
tiffany.co.uk*	999	25.07.2016	31.07.2016	0.2932692307692308	0.0	0.014423076923076924	0.4326923076923077	0.1201923076923077	0.07211538461538461	0.0673076923076923
seafolly.com*	999	25.07.2016	31.07.2016	0.1694915254237288	0.0	0.0	0.5423728813559322	0.13559322033898305	0.11864406779661017	0.03389830508474576
wallis-fashion.com*	999	25.07.2016	31.07.2016	0.25	0.0	0.25	0.5	0.0	0.0	0.0
clarks.co.uk*	999	25.07.2016	31.07.2016	0.2455849889624724	0.0380794701986755	0.076158940397351	0.34823399558498896	0.05739514348785872	0.21909492273730685	0.01545253863134658
uk.lizearle.com#	999	25.07.2016	31.07.2016	0.24043715846994534	0.02185792349726776	0.13114754098360656	0.2677595628415301	0.13114754098360656	0.15846994535519127	0.04918032786885246
zarahome.com*	999	25.07.2016	31.07.2016	0.22137404580152673	0.0014540167211922936	0.07197382769901854	0.509996364958197	0.014903671392221011	0.1599418393311523	0.020356234096692113
mankind.co.uk*	999	25.07.2016	31.07.2016	0.3128654970760234	0.005847953216374269	0.07017543859649122	0.2134502923976608	0.07309941520467836	0.2777777777777778	0.04678362573099415
amazon.co.uk*	999	25.07.2016	31.07.2016	0.4397823908014095	0.003249639104095617	0.040243833250332525	0.25408017247357106	0.03357435086016151	0.1989781445222621	0.03009146898816766
fisherpaykel.com*	999	25.07.2016	31.07.2016	0.17073170731707318	0.018970189701897018	0.032520325203252036	0.5501355013550135	0.04607046070460705	0.0948509485094851	0.08672086720867209
halfords.com*	999	25.07.2016	31.07.2016	0.19087403598971722	0.0012853470437017994	0.014781491002570694	0.5715509854327335	0.0921165381319623	0.11996572407883462	0.009425878320479864
boohoo.com*	999	25.07.2016	31.07.2016	0.28339169584792395	0.012631315657828915	0.04577288644322161	0.36643321660830414	0.009504752376188095	0.23999499749874936	0.04227113556778389
lg.com*	999	25.07.2016	31.07.2016	0.18882144143217244	0.01893101496990586	0.005092854570708369	0.6084160707855343	0.054503832501671894	0.1061011368897577	0.018133648850249498
etsy.com*	999	25.07.2016	31.07.2016	0.3355231983339086	0.009851467482552256	0.04062852830541889	0.24284686350101498	0.04139488355495235	0.22161706807691633	0.1081379907452366
dfs.co.uk*	999	25.07.2016	31.07.2016	0.20085470085470086	0.017094017094017096	0.00641025641025641	0.6196581196581197	0.07905982905982906	0.07264957264957266	0.004273504273504274
aeg.co.uk*	999	25.07.2016	31.07.2016	0.11764705882352941	0.0	0.0	0.5980392156862745	0.0784313725490196	0.20588235294117646	0.0
heals.com*	999	25.07.2016	31.07.2016	0.2742857142857143	0.011428571428571429	0.03428571428571429	0.35428571428571426	0.09714285714285714	0.18285714285714286	0.045714285714285714
moss.co.uk*	999	25.07.2016	31.07.2016	0.17218543046357615	0.011037527593818985	0.046357615894039736	0.4083885209713024	0.15673289183222958	0.16777041942604856	0.037527593818984545
direct.asda.com#	999	25.07.2016	31.07.2016	0.2318668252080856	0.02211652794292509	0.01070154577883472	0.27776456599286564	0.12199762187871581	0.2896551724137931	0.045897740784780025
achica.com*	999	25.07.2016	31.07.2016	0.6265709156193896	0.0	0.1615798922800718	0.09515260323159784	0.012567324955116697	0.0843806104129264	0.019748653500897665
dunelm.com*	999	25.07.2016	31.07.2016	0.17583732057416268	0.005980861244019139	0.039473684210526314	0.52811004784689	0.12380382775119617	0.1118421052631579	0.014952153110047847
siemens.co.uk*	999	25.07.2016	31.07.2016	0.4125	0.0	0.0	0.5625	0.0	0.0125	0.0125
oasis-stores.com*	999	25.07.2016	31.07.2016	0.3320754716981132	0.0037735849056603774	0.05660377358490566	0.40943396226415096	0.062264150943396226	0.1169811320754717	0.018867924528301886
harlequin.uk.com*	999	25.07.2016	31.07.2016	0.2	0.0	0.0375	0.275	0.0	0.375	0.1125
matalan.co.uk*	999	25.07.2016	31.07.2016	0.19973718791064388	0.001314060446780552	0.09658344283837056	0.4756898817345598	0.04664914586070959	0.13469119579500657	0.04533508541392904
mulberry.com*	999	25.07.2016	31.07.2016	0.3229166666666667	0.0	0.020833333333333332	0.3611111111111111	0.11805555555555555	0.16319444444444445	0.013888888888888888
sainsburysentertainment.co.uk*	999	25.07.2016	31.07.2016	0.15263157894736842	0.0	0.015789473684210527	0.4368421052631579	0.010526315789473684	0.3736842105263158	0.010526315789473684
tuclothing.sainsburys.co.uk#	999	25.07.2016	31.07.2016	0.05714285714285714	0.009523809523809525	0.18857142857142858	0.3904761904761905	0.0019047619047619048	0.3352380952380952	0.017142857142857144
hugoboss.com*	999	25.07.2016	31.07.2016	0.2754145638067772	0.009372746935832732	0.01514059120403749	0.3911319394376352	0.14599855803893294	0.13554434030281182	0.0273972602739726
reiss.com*	999	25.07.2016	31.07.2016	0.24102564102564103	0.017094017094017096	0.09230769230769231	0.38632478632478634	0.04786324786324787	0.19487179487179487	0.020512820512820513
next.co.uk*	999	25.07.2016	31.07.2016	0.3655710867648911	0.002518574486840448	0.02720060445787684	0.410149855181967	0.015615161818410779	0.1645888427150233	0.014355874574990555
bosch-home.co.uk*	999	25.07.2016	31.07.2016	0.22121212121212122	0.00909090909090909	0.01818181818181818	0.6424242424242425	0.012121212121212121	0.09696969696969697	0.0
panasonic.com*	999	25.07.2016	31.07.2016	0.28028503562945367	0.00430522565320665	0.006680522565320665	0.5004453681710214	0.031843824228028506	0.16560273159144892	0.01083729216152019
