site	country	weekbegins	weekends	direct	displayads	mail	organic_search	paid_search	referrals	social
figleaves.com*	999	24.07.2017	30.07.2017	0.314100906	0.025873221	0.054333765	0.322897801	0.075032342	0.175161708	0.032600259
javari.co.uk*	999	24.07.2017	30.07.2017	0	0	0	1	0	0	0
boots.com*	999	24.07.2017	30.07.2017	0.189990214	0.007352809	0.016496687	0.587847665	0.069223242	0.108570646	0.020518737
lecreuset.co.uk*	999	24.07.2017	30.07.2017	0.212765957	0.026595745	0	0.531914894	0.026595745	0.20212766	0
sainsbury.co.uk*	999	24.07.2017	30.07.2017	1	0	0	0	0	0	0
simbasleep.com*	999	24.07.2017	30.07.2017	0.173831776	0.037383178	0	0.409345794	0.093457944	0.127102804	0.158878505
uk.lizearle.com#	999	24.07.2017	30.07.2017	0.110837438	0.036945813	0.147783251	0.278325123	0.160098522	0.229064039	0.036945813
whistles.com*	999	24.07.2017	30.07.2017	0.243014395	0.042337003	0.063505504	0.426756986	0.055038103	0.139712108	0.029635902
fitness-superstore.co.uk*	999	24.07.2017	30.07.2017	0.106210621	0.02520252	0.0270027	0.562556256	0.184518452	0.090009001	0.00450045
mulberry.com*	999	24.07.2017	30.07.2017	0.180826636	0.048220436	0.015068886	0.412887486	0.157146958	0.105482204	0.080367394
sanderson-uk.com*	999	24.07.2017	30.07.2017	0.183391003	0	0.051903114	0.477508651	0	0.252595156	0.034602076
elc.co.uk*	999	24.07.2017	30.07.2017	0.172752809	0.042134831	0.126404494	0.448033708	0.098314607	0.084269663	0.028089888
hobbs.co.uk*	999	24.07.2017	30.07.2017	0.315129683	0.050432277	0.060518732	0.277377522	0.06556196	0.190634006	0.040345821
missselfridge.com*	999	24.07.2017	30.07.2017	0.261129331	0.011364743	0.040913076	0.447965711	0.040913076	0.170438679	0.027275384
disneystore.co.uk*	999	24.07.2017	30.07.2017	0.261255743	0.029096478	0.034915773	0.422664625	0.042266462	0.158346095	0.051454824
steamer.co.uk*	999	24.07.2017	30.07.2017	0.151515152	0	0	0.484848485	0.242424242	0.090909091	0.03030303
store.apple.com#	999	24.07.2017	30.07.2017	0.10137873	2.64E-04	0.044869225	0.015038587	8.80E-05	0.828077268	0.010283998
zalando.co.uk*	999	24.07.2017	30.07.2017	0.22437614	0.039686421	0.051670742	0.376636783	0.0371871	0.226161369	0.044281445
harveynichols.com*	999	24.07.2017	30.07.2017	0.274542327	0.015050989	0.019351272	0.476901339	0.055903674	0.122558054	0.035692345
thewhitecompany.com*	999	24.07.2017	30.07.2017	0.195236603	0.016452523	0.065810091	0.416248825	0.090488875	0.163663428	0.052099655
zarahome.com*	999	24.07.2017	30.07.2017	0.174620947	3.22E-04	0.071938248	0.600185262	0.025010789	0.110453574	0.017468876
asos.com*	999	24.07.2017	30.07.2017	0.34513332	0.011949767	0.051290788	0.209525566	0.086295437	0.215606672	0.080198451
fatface.com*	999	24.07.2017	30.07.2017	0.286885246	0	0.089418778	0.380774963	0.074515648	0.142324888	0.026080477
pcworld.co.uk*	999	24.07.2017	30.07.2017	0.202283593	0.004131716	0.01136222	0.621193738	0.070858938	0.073918376	0.016251418
tedbaker.com*	999	24.07.2017	30.07.2017	0.236163568	0.029316067	0.045862559	0.423374373	0.096401301	0.119422508	0.049459623
zara.com*	999	24.07.2017	30.07.2017	0.355564624	6.26E-04	0.023667846	0.439504137	0.006737113	0.14076349	0.03313713
boden.co.uk*	999	24.07.2017	30.07.2017	0.260638298	0.022796353	0.102583587	0.202887538	0.117781155	0.259118541	0.034194529
dreams.co.uk*	999	24.07.2017	30.07.2017	0.162926187	0.019504534	0.010638837	0.536552004	0.128729926	0.113987537	0.027660976
ralphlauren.co.uk*	999	24.07.2017	30.07.2017	0.23876104	0.018285856	0.086204752	0.251299913	0.18547083	0.193854957	0.026122652
emmabridgewater.co.uk*	999	24.07.2017	30.07.2017	0.189189189	0	0.057915058	0.135135135	0.00965251	0.588803089	0.019305019
harlequin.uk.com*	999	24.07.2017	30.07.2017	0.192727273	0	0.163636364	0.356363636	0	0.269090909	0.018181818
lauraashley.com*	999	24.07.2017	30.07.2017	0.18829033	0.012791463	0.069073898	0.44821285	0.094656823	0.140925371	0.046049265
hotpoint.co.uk*	999	24.07.2017	30.07.2017	0.16442953	0	0	0.620805369	0.05033557	0.11409396	0.05033557
joules.com*	999	24.07.2017	30.07.2017	0.225258045	0.009107468	0.091074681	0.279902854	0.050394657	0.306010929	0.038251366
samsung.com*	999	24.07.2017	30.07.2017	0.179227379	0.008773151	0.028863246	0.593743674	0.058620913	0.100706834	0.030064802
direct.asda.com#	999	24.07.2017	30.07.2017	0.208802267	0.014005656	0.022812893	0.260362809	0.087427943	0.329993083	0.076595348
heals.com*	999	24.07.2017	30.07.2017	0.172330097	0.024271845	0.05461165	0.452669903	0.145631068	0.104368932	0.046116505
oakfurnitureland.co.uk*	999	24.07.2017	30.07.2017	0.138396624	0	0.063291139	0.289451477	0.392405063	0.054852321	0.061603376
rakuten.co.uk*	999	24.07.2017	30.07.2017	0.366220736	0	0.025083612	0.225752508	0.004180602	0.217391304	0.161371237
selfridges.co.uk*	999	24.07.2017	30.07.2017	1	0	0	0	0	0	0
kiddicare.com*	999	24.07.2017	30.07.2017	0.113765643	0.017064846	0	0.348122867	0.151308305	0.324232082	0.045506257
mandmdirect.com*	999	24.07.2017	30.07.2017	0.268647369	0.028807756	0.056021407	0.254829081	0.149959741	0.160890747	0.0808439
maplin.co.uk*	999	24.07.2017	30.07.2017	0.17367958	0.011314697	0.029647371	0.60626726	0.057647666	0.101177227	0.020266198
orlakiely.com*	999	24.07.2017	30.07.2017	0.142857143	0	0.107142857	0.535714286	0	0.142857143	0.071428571
simplyelectricals.co.uk*	999	24.07.2017	30.07.2017	0.031446541	0.031446541	0	0.874213836	0.031446541	0.031446541	0
allbeauty.com*	999	24.07.2017	30.07.2017	0.252410468	0.023415978	0.080578512	0.178719008	0.242424242	0.208677686	0.013774105
ao.com*	999	24.07.2017	30.07.2017	0.245363091	0.006509426	0.029469947	0.296001353	0.235641221	0.1606222	0.026392764
ctshirts.com*	999	24.07.2017	30.07.2017	0.413844265	0.012110586	0.074220592	0.263318742	0.062456022	0.132527783	0.041522009
westelm.co.uk*	999	24.07.2017	30.07.2017	0.389006342	0	0.031712474	0.414376321	0.042283298	0.063424947	0.059196617
matalan.co.uk*	999	24.07.2017	30.07.2017	0.180814249	0.005763135	0.103044856	0.448986649	0.065469215	0.142036582	0.053885314
wallis-fashion.com*	999	24.07.2017	30.07.2017	1	0	0	0	0	0	0
littlewoods.com*	999	24.07.2017	30.07.2017	0.365148114	0.007649057	0.042973795	0.274034927	0.010430533	0.269028272	0.030735303
techradar.com*	999	24.07.2017	30.07.2017	0.105377128	1.98E-04	0.001778488	0.853947346	1.44E-04	0.023622398	0.014933314
achica.com*	999	24.07.2017	30.07.2017	0.264147871	0	0.282143148	0.175555737	0.004559889	0.236544255	0.0370491
argos.co.uk*	999	24.07.2017	30.07.2017	0.268335351	0.006968205	0.018995799	0.501769597	0.069127877	0.117500677	0.017302494
lakeland.co.uk*	999	24.07.2017	30.07.2017	0.133606317	0.019606797	0.037813109	0.506255502	0.116240297	0.150132046	0.036345933
oceanlighting.co.uk*	999	24.07.2017	30.07.2017	0.162037037	0	0	0.453703704	0.337962963	0.023148148	0.023148148
seafolly.com*	999	24.07.2017	30.07.2017	0.121359223	0	0	0.684466019	0	0.169902913	0.024271845
aldoshoes.com*	999	24.07.2017	30.07.2017	0.345361513	0.014818691	0.058348598	0.425411853	0.079002149	0.053532523	0.023524673
hugoboss.com*	999	24.07.2017	30.07.2017	0.217356124	0.010313208	0.061289923	0.3914529	0.140063189	0.131789236	0.047735421
dorothyperkins.com*	999	24.07.2017	30.07.2017	0.303710656	0.014727115	0.03898354	0.405212244	0.030970257	0.17867456	0.027721629
ledhut.co.uk*	999	24.07.2017	30.07.2017	0.145794393	0.009345794	0.042056075	0.279439252	0.16635514	0.352336449	0.004672897
lkbennett.com*	999	24.07.2017	30.07.2017	0.30228471	0.030755712	0.026362039	0.217926186	0.094903339	0.301405975	0.026362039
mrporter.com*	999	24.07.2017	30.07.2017	0.415282678	0.030420486	0.047108296	0.167380276	0.094731648	0.16084567	0.084230947
siemens.co.uk*	999	24.07.2017	30.07.2017	0.176470588	0	0	0.784313725	0	0.039215686	0
spacenk.com*	999	24.07.2017	30.07.2017	0.312364425	0.050614606	0.021691974	0.341287057	0.081706435	0.156182213	0.03615329
wayfair.com*	999	24.07.2017	30.07.2017	0.241242499	0.042216044	0.063023538	0.32917654	0.135739141	0.127114482	0.061487755
dyson.co.uk*	999	24.07.2017	30.07.2017	0.23174892	0.01137139	0.006822834	0.41710257	0.142369798	0.184671367	0.005913123
houseology.com*	999	24.07.2017	30.07.2017	0.124277457	0.014450867	0	0.404624277	0.225433526	0.158959538	0.072254335
mothercare.com*	999	24.07.2017	30.07.2017	0.148138801	0.008832808	0.052996845	0.589022082	0.088580442	0.100315457	0.012113565
qvcuk.com*	999	24.07.2017	30.07.2017	0.341542204	0.001655486	0.126148046	0.367234131	0.019865834	0.113921098	0.029633202
hm.com*	999	24.07.2017	30.07.2017	0.279620509	0.002262917	0.040228297	0.407545958	0.045804556	0.16625545	0.058282312
mankind.co.uk*	999	24.07.2017	30.07.2017	0.267666974	0.090123025	0.110150364	0.251009314	0.050068347	0.200940967	0.030041008
appliancesdirect.co.uk*	999	24.07.2017	30.07.2017	0.102011776	0.042934249	0.034003925	0.539254171	0.163493621	0.114867517	0.00343474
boohoo.com*	999	24.07.2017	30.07.2017	0.369216532	0.014822871	0.035468104	0.364734879	0.018051867	0.159110348	0.038595399
sainsburysentertainment.co.uk*	999	24.07.2017	30.07.2017	0.5	0	0	0	0	0.25	0.25
feelunique.com*	999	24.07.2017	30.07.2017	0.301039815	0.0588375	0.054473394	0.257983234	0.076761507	0.204925576	0.045978974
jessops.com*	999	24.07.2017	30.07.2017	0.261799874	0.026117055	0.014159849	0.475141598	0.073945878	0.13310258	0.015733166
sofa.com*	999	24.07.2017	30.07.2017	0.496875	0	0	0.1875	0.203125	0.1125	0
dfs.co.uk*	999	24.07.2017	30.07.2017	0.216414687	0.004319654	0	0.650539957	0.051835853	0.061771058	0.01511879
grahambrown.com*	999	24.07.2017	30.07.2017	0.147654637	0.028395122	0.014197561	0.410782771	0.108847969	0.239957223	0.050164716
loaf.com*	999	24.07.2017	30.07.2017	0.184855234	0	0	0.391982183	0.233853007	0.144766147	0.04454343
panasonic.com*	999	24.07.2017	30.07.2017	0.200318738	0.006429221	0.012083154	0.589715582	0.018531284	0.15140304	0.021518981
sportsdirect.com*	999	24.07.2017	30.07.2017	0.348502762	0.009295369	0.040080815	0.356505982	0.01534173	0.173348053	0.056925289
clarks.co.uk*	999	24.07.2017	30.07.2017	0.265910374	0.020301132	0.109445212	0.257884679	0.112201802	0.203905603	0.030351198
debenhams.com*	999	24.07.2017	30.07.2017	0.198231888	0.011998889	0.072489838	0.523937685	0.03843782	0.136533168	0.018370712
groovystyle.co.uk*	999	24.07.2017	30.07.2017	0	0	0	0.571428571	0.285714286	0.142857143	0
net-a-porter.com*	999	24.07.2017	30.07.2017	0.302940615	0.051817959	0.041661752	0.215952712	0.132376324	0.208120158	0.047130479
warehouse.co.uk*	999	24.07.2017	30.07.2017	0.292593063	0.004446703	0.066700546	0.450006352	0.022233515	0.146233007	0.017786812
dawsonsdepartmentstore.co.uk*	999	24.07.2017	30.07.2017	0	0	0	0.25	0	0.75	0
phoneshopbysainsburys.co.uk*	999	24.07.2017	30.07.2017	0	0	0	1	0	0	0
topshop.com*	999	24.07.2017	30.07.2017	0.315111425	0.020710721	0.019365446	0.421081832	0.036148833	0.1423957	0.045186042
lookfantastic.com*	999	24.07.2017	30.07.2017	0.259559925	0.051684799	0.074274309	0.267414621	0.095418091	0.21225215	0.039396106
mamasandpapas.co.uk*	999	24.07.2017	30.07.2017	1	0	0	0	0	0	0
tuclothing.sainsburys.co.uk#	999	24.07.2017	30.07.2017	0.101484655	0.022668394	0.136010363	0.336538462	0.102530889	0.27236947	0.028397768
barbour.com*	999	24.07.2017	30.07.2017	0.188534695	0	0.046231067	0.54059528	0.051162381	0.139573794	0.033902783
jaeger.co.uk*	999	24.07.2017	30.07.2017	0.194864048	0	0.203927492	0.385196375	0.060422961	0.140483384	0.01510574
bathstore.com*	999	24.07.2017	30.07.2017	0.127717391	0.009057971	0.027173913	0.658514493	0.105072464	0.067934783	0.004528986
dabs.com*	999	24.07.2017	30.07.2017	0.333333333	0	0	0.5	0	0.166666667	0
ebuyer.com*	999	24.07.2017	30.07.2017	0.318536338	0.011174915	0.042060567	0.240899837	0.103790635	0.256239574	0.027298133
habitat.co.uk*	999	24.07.2017	30.07.2017	0.21884273	0.003709199	0.011127596	0.46735905	0.114614243	0.148738872	0.035608309
josephjoseph.com*	999	24.07.2017	30.07.2017	0.276673866	0.007559395	0.022678186	0.455075594	0.052915767	0.110367171	0.074730022
fisherpaykel.com*	999	24.07.2017	30.07.2017	0.198289902	0.002850163	0.051302932	0.571742671	0.025651466	0.127361564	0.022801303
newlook.com*	999	24.07.2017	30.07.2017	0.259198689	0.013761283	0.046738451	0.35561865	0.075936614	0.207177255	0.041569057
swooneditions.com*	999	24.07.2017	30.07.2017	0.34587156	0	0	0.169724771	0.30733945	0.117431193	0.059633028
jdsports.co.uk*	999	24.07.2017	30.07.2017	0.265106944	0.018706013	0.030537167	0.404177794	0.086145113	0.138972915	0.056354054
furniturevillage.co.uk*	999	24.07.2017	30.07.2017	0.18955774	0.004299754	0.012899263	0.607493857	0.103194103	0.06965602	0.012899263
lighting-direct.co.uk*	999	24.07.2017	30.07.2017	0.147874307	0	0	0.704251386	0.120147874	0.018484288	0.009242144
riverisland.com*	999	24.07.2017	30.07.2017	0.204656068	0.01889168	0.046130848	0.457427628	0.038808491	0.193519429	0.040565857
shop.mango.com#	999	24.07.2017	30.07.2017	0.317359592	0.02087545	0.06229782	0.338872604	0.106937061	0.129346128	0.024311344
sofology.co.uk*	999	24.07.2017	30.07.2017	0.199034982	0	0	0.262967431	0.4053076	0.086851628	0.045838359
sweatybetty.com*	999	24.07.2017	30.07.2017	0.272761287	0.059366426	0.05238214	0.295086056	0.069842854	0.202544275	0.048016962
blinds-2go.co.uk*	999	24.07.2017	30.07.2017	0.124768946	0	0.083179298	0.290203327	0.365988909	0.135859519	0
toysrus.co.uk*	999	24.07.2017	30.07.2017	0.165862503	0.02430929	0.025815176	0.620516918	0.046897569	0.103690955	0.012907588
currys.co.uk*	999	24.07.2017	30.07.2017	0.209833156	0.016263598	0.024509572	0.455186827	0.15956594	0.107106443	0.027534464
farfetch.com*	999	24.07.2017	30.07.2017	0.280605418	0.076584645	0.034245919	0.232058747	0.180856582	0.146780527	0.048868163
hughes.co.uk*	999	24.07.2017	30.07.2017	0.261654135	0.105263158	0	0.482706767	0.007518797	0.127819549	0.015037594
office.co.uk*	999	24.07.2017	30.07.2017	0.165628682	0.044436963	0.035347585	0.498232621	0.099814846	0.117825282	0.038714021
diy.com*	999	24.07.2017	30.07.2017	0.204117513	0.005462439	0.041659322	0.551661648	0.093749927	0.093510181	0.009838971
hotter.com*	999	24.07.2017	30.07.2017	0.174089069	0.071139387	0.182186235	0.227877386	0.060728745	0.259109312	0.024869867
notonthehighstreet.com*	999	24.07.2017	30.07.2017	0.164344517	0.008513422	0.033521599	0.534688509	0.0736411	0.13325256	0.052038292
oasis-stores.com*	999	24.07.2017	30.07.2017	0.329586101	0.010219724	0.068983137	0.443536025	0.027082269	0.092488503	0.028104241
etsy.com*	999	24.07.2017	30.07.2017	0.309375186	0.003978439	0.041342197	0.278170065	0.047368538	0.183755694	0.13600988
halfords.com*	999	24.07.2017	30.07.2017	0.151309025	0.006909088	0.023318172	0.603146925	0.083599964	0.113810773	0.017906053
harrods.com*	999	24.07.2017	30.07.2017	0.212440461	0.046153124	0.020202257	0.410943476	0.147657148	0.142072784	0.020530749
made.com*	999	24.07.2017	30.07.2017	0.375036557	0.0362959	0.047472382	0.14960993	0.176112576	0.149631007	0.065841648
bensonsforbeds.co.uk*	999	24.07.2017	30.07.2017	0.141472868	0	0	0.515503876	0.162790698	0.157945736	0.022286822
canon.co.uk*	999	24.07.2017	30.07.2017	0.109656677	5.74E-04	0.003444712	0.783212768	0.017797681	0.074979906	0.010334137
purecollection.com*	999	24.07.2017	30.07.2017	0.226337449	0.020576132	0.308641975	0.164609053	0.082304527	0.176954733	0.020576132
reiss.com*	999	24.07.2017	30.07.2017	0.285373609	0.053656598	0.053656598	0.372019078	0.065580286	0.132750397	0.036963434
goldsmiths.co.uk*	999	24.07.2017	30.07.2017	0.172451791	0.005509642	0.008264463	0.559779614	0.14600551	0.102479339	0.005509642
homebase.co.uk*	999	24.07.2017	30.07.2017	0.142405382	0.001409954	0.012901082	0.671943924	0.102251898	0.058301609	0.01078615
bosch-home.co.uk*	999	24.07.2017	30.07.2017	0.208860759	0	0.023734177	0.626582278	0	0.132911392	0.007911392
hp.com*	999	24.07.2017	30.07.2017	0.246435053	0.007193519	0.014207686	0.599546054	0.023166534	0.096065922	0.013385232
nespresso.com*	999	24.07.2017	30.07.2017	0.275374323	0.028227932	0.077421838	0.309335966	0.1571472	0.12453811	0.027954632
dunelm.com*	999	24.07.2017	30.07.2017	0.160328317	0.012716826	0.047343365	0.541833105	0.129313269	0.098812585	0.009652531
dwell.co.uk*	999	24.07.2017	30.07.2017	0.389841137	0.029264214	0.065844482	0.204849498	0.194607023	0.093645485	0.021948161
houseoffraser.co.uk*	999	24.07.2017	30.07.2017	0.218789571	0.052055662	0.041141687	0.406388439	0.131824821	0.128086152	0.021713668
laptopsdirect.co.uk*	999	24.07.2017	30.07.2017	0.131787554	0.025564804	0.013674197	0.63575109	0.110780816	0.058660325	0.023781213
marksandspencer.com*	999	24.07.2017	30.07.2017	0.286927419	0.007943488	0.083710194	0.412128959	0.046244253	0.142655715	0.020389972
moss.co.uk*	999	24.07.2017	30.07.2017	0.175456389	0.007606491	0.045638945	0.475659229	0.164807302	0.10040568	0.030425963
aeg.co.uk*	999	24.07.2017	30.07.2017	0.083857442	0	0	0.714884696	0.020964361	0.15932914	0.020964361
glassesdirect.co.uk*	999	24.07.2017	30.07.2017	0.200469454	0.008881558	0.083930724	0.34948931	0.121677346	0.208272537	0.027279071
next.co.uk*	999	24.07.2017	30.07.2017	0.322993452	0.00333064	0.034699208	0.412298567	0.015835677	0.191797255	0.019045202
amazon.co.uk*	999	24.07.2017	30.07.2017	0.414502634	0.002341733	0.039399573	0.281082267	0.027719521	0.186192644	0.048761628
lg.com*	999	24.07.2017	30.07.2017	0.153761949	0.051280318	0.013850728	0.618007339	0.04841823	0.081200018	0.033481419
simplehuman.com*	999	24.07.2017	30.07.2017	0.185823755	0.036398467	0.014367816	0.422413793	0.124521073	0.180076628	0.036398467
whitestuff.com*	999	24.07.2017	30.07.2017	0.303311258	0.033112583	0.091390728	0.255629139	0.145695364	0.131125828	0.039735099
worldstores.co.uk*	999	24.07.2017	30.07.2017	0.090196751	0.007989298	0.063159031	0.132941915	0.154672805	0.544648761	0.006391438
bhsdirect.co.uk*	999	24.07.2017	30.07.2017	0	0	0	1	0	0	0
johnlewis.com*	999	24.07.2017	30.07.2017	0.221120073	0.009413534	0.029433707	0.464906325	0.113475873	0.138240468	0.02341002
phase-eight.com*	999	24.07.2017	30.07.2017	0.148148148	0.009496676	0.156695157	0.290598291	0.047483381	0.319088319	0.028490028
richersounds.com*	999	24.07.2017	30.07.2017	0.192585332	0	0.023549837	0.644193948	0	0.119086582	0.020584302
very.co.uk*	999	24.07.2017	30.07.2017	0.318428705	0.006775944	0.042638867	0.332021254	0.059220648	0.212323404	0.028591178
ikea.com*	999	24.07.2017	30.07.2017	0.26533534	0.006966515	0.043161454	0.386616775	0.073012383	0.184813024	0.040094508
seasaltcornwall.co.uk*	999	24.07.2017	30.07.2017	0.210884354	0	0.178571429	0.367346939	0.085034014	0.107142857	0.051020408
sony.co.uk*	999	24.07.2017	30.07.2017	0.188579421	0.001953773	0.012699525	0.680452655	0.006707954	0.097558404	0.012048267
tiffany.co.uk*	999	24.07.2017	30.07.2017	0.165706052	0.007204611	0	0.508645533	0.136887608	0.174351585	0.007204611
decathlon.co.uk*	999	24.07.2017	30.07.2017	0.198210679	0.008762998	0.016824957	0.553470982	5.84E-04	0.205788586	0.016357597
georgjensen.com*	999	24.07.2017	30.07.2017	0.308351858	0.028580502	0.028580502	0.362019689	0.152429343	0.120038107	0
homesense.com*	999	24.07.2017	30.07.2017	0.036144578	0	0.036144578	0.662650602	0.084337349	0.180722892	0
jigsaw-online.com*	999	24.07.2017	30.07.2017	0.223316913	0.008210181	0.049261084	0.44499179	0.073891626	0.183908046	0.016420361
