johnlewisweeklydistro.site	johnlewisweeklydistro.country	johnlewisweeklydistro.weekbegins	johnlewisweeklydistro.weekends	johnlewisweeklydistro.direct	johnlewisweeklydistro.displayads	johnlewisweeklydistro.mail	johnlewisweeklydistro.organic_search	johnlewisweeklydistro.paid_search	johnlewisweeklydistro.referrals	johnlewisweeklydistro.social	johnlewisweeklydistro.visits
figleaves.com*	WorldWide	08.13.2017	08.19.2017	0.32116554594940766	0.003202049311559398	0.04803073967339097	0.35350624399615743	0.12039705411463336	0.12167787383925711	0.032020493115593976	54870.94155513507
achica.com*	WorldWide	08.14.2016	08.20.2016	0.5816876122082585	0.0	0.17235188509874327	0.10412926391382406	0.012567324955116697	0.11669658886894076	0.012567324955116697	102457.35433885314
aeg.co.uk*	WorldWide	08.14.2016	08.20.2016	0.16911764705882354	0.0	0.0	0.3897058823529412	0.15441176470588236	0.2426470588235294	0.04411764705882353	22460.80257672453
aldoshoes.com*	WorldWide	08.14.2016	08.20.2016	0.2774363476733977	0.04741000877963126	0.03555750658472344	0.39376646180860403	0.09306409130816505	0.12598770851624233	0.026777875329236173	289709.3897799688
allbeauty.com*	WorldWide	08.14.2016	08.20.2016	0.32154882154882153	0.003367003367003367	0.0707070707070707	0.13973063973063973	0.23063973063973064	0.2222222222222222	0.011784511784511785	103543.3746199235
amazon.co.uk*	WorldWide	08.14.2016	08.20.2016	0.433051642560976	0.0037259853852594908	0.0401922178020049	0.2674840519082224	0.02590030635132545	0.20013047674453796	0.029515319247673782	4.767134824058747E7
ao.com*	WorldWide	08.14.2016	08.20.2016	0.3345238095238095	0.006547619047619048	0.055357142857142855	0.2523809523809524	0.17857142857142858	0.15892857142857142	0.01369047619047619	339734.61293449946
appliancesdirect.co.uk*	WorldWide	08.14.2016	08.20.2016	0.14148351648351648	0.05357142857142857	0.012362637362637362	0.49175824175824173	0.19917582417582416	0.09615384615384616	0.005494505494505495	158732.84288606825
argos.co.uk*	WorldWide	08.14.2016	08.20.2016	0.27844516066022074	0.025002441644691866	0.014356870788162907	0.4407168668815314	0.07359117101279422	0.15323762086141224	0.01464986815118664	4217570.4081103075
asos.com*	WorldWide	08.14.2016	08.20.2016	0.35367804560613864	0.018708820259754344	0.03457064613215477	0.1800791735582007	0.09122583444049781	0.2639841652883599	0.057753314714893846	7637019.91049347
barbour.com*	WorldWide	08.14.2016	08.20.2016	0.2483221476510067	0.006711409395973154	0.020134228187919462	0.46308724832214765	0.0447427293064877	0.15436241610738255	0.06263982102908278	48956.45242897469
bathstore.com*	WorldWide	08.14.2016	08.20.2016	0.14583333333333334	0.013888888888888888	0.020833333333333332	0.6875	0.07291666666666667	0.052083333333333336	0.006944444444444444	61029.17978512746
bensonsforbeds.co.uk*	WorldWide	08.14.2016	08.20.2016	0.1319796954314721	0.01015228426395939	0.030456852791878174	0.4467005076142132	0.2131979695431472	0.15736040609137056	0.01015228426395939	37971.77654681056
bhs.co.uk*	WorldWide	08.14.2016	08.20.2016	0.2589928057553957	0.0	0.0	0.6366906474820144	0.0	0.08273381294964029	0.02158273381294964	47275.78319364456
bhsdirect.co.uk*	WorldWide	08.14.2016	08.20.2016	0.16455696202531644	0.2911392405063291	0.0	0.2911392405063291	0.24050632911392406	0.012658227848101266	0.0	17806.801386162202
blinds-2go.co.uk*	WorldWide	08.14.2016	08.20.2016	0.20175438596491227	0.0043859649122807015	0.05263157894736842	0.2631578947368421	0.3157894736842105	0.15350877192982457	0.008771929824561403	46541.87897316381
boden.co.uk*	WorldWide	08.14.2016	08.20.2016	0.34458259325044405	0.0053285968028419185	0.047957371225577264	0.2255772646536412	0.11367673179396093	0.22202486678507993	0.04085257548845471	93671.10996324773
boohoo.com*	WorldWide	08.14.2016	08.20.2016	0.28872863247863245	0.01282051282051282	0.03766025641025641	0.36712072649572647	0.00921474358974359	0.2389155982905983	0.04553952991452991	1035782.5312375189
boots.com*	WorldWide	08.14.2016	08.20.2016	0.21494464944649447	0.0038218239325250396	0.012651555086979441	0.5678703215603584	0.06299420137058513	0.11768581971534	0.020031628887717447	1494342.9841232488
bosch-home.co.uk*	WorldWide	08.14.2016	08.20.2016	0.2140468227424749	0.0033444816053511705	0.030100334448160536	0.6220735785953178	0.006688963210702341	0.12374581939799331	0.0	55938.21029818419
canon.co.uk*	WorldWide	08.14.2016	08.20.2016	0.1880766501064585	0.0014194464158978	0.0021291696238466998	0.7019162526614621	0.0191625266146203	0.0801987224982257	0.007097232079488999	265306.3906482822
clarks.co.uk*	WorldWide	08.14.2016	08.20.2016	0.22727272727272727	0.0342902711323764	0.06220095693779904	0.41228070175438597	0.09170653907496013	0.1594896331738437	0.012759170653907496	236220.72506618692
ctshirts.com*	WorldWide	08.14.2016	08.20.2016	0.39664157498552405	0.01447596988998263	0.03647944412275622	0.2032426172553561	0.061378112333526344	0.1795020266357846	0.10828025477707007	194169.4367645203
currys.co.uk*	WorldWide	08.14.2016	08.20.2016	0.23242748889469558	0.013326365299189966	0.018421740266527306	0.43049385941991114	0.15220799581917951	0.14227854716488111	0.010844003135615364	1598473.2424565915
dabs.com*	WorldWide	08.14.2016	08.20.2016	0.46808510638297873	0.0	0.06382978723404255	0.3404255319148936	0.0	0.1276595744680851	0.0	6862.010534999772
dawsonsdepartmentstore.co.uk*	WorldWide	08.14.2016	08.20.2016	0.0	0.0	0.0	0.3125	0.0	0.6875	0.0	3642.7968862607945
debenhams.com*	WorldWide	08.14.2016	08.20.2016	0.26134554140127386	0.0029856687898089174	0.03702229299363057	0.48427547770700635	0.07105891719745223	0.1321656050955414	0.011146496815286623	1001810.6190265676
decathlon.co.uk*	WorldWide	08.14.2016	08.20.2016	0.1913613996719519	0.0016402405686167304	0.019682886823400764	0.46036085292509565	0.09622744669218151	0.20448332422088572	0.026243849097867686	309979.08242549695
dfs.co.uk*	WorldWide	08.14.2016	08.20.2016	0.1967479674796748	0.02926829268292683	0.014634146341463415	0.526829268292683	0.14796747967479676	0.07479674796747968	0.00975609756097561	109930.21272257275
direct.asda.com#	WorldWide	08.14.2016	08.20.2016	0.21178500986193294	0.026134122287968443	0.01257396449704142	0.2566568047337278	0.11686390532544379	0.3165680473372781	0.05941814595660749	601052.5108759559
direct.tesco.com#	WorldWide	08.14.2016	08.20.2016	0.0	0.0	0.0	0.0	0.0	1.0	0.0	418.33467396908674
disneystore.co.uk*	WorldWide	08.14.2016	08.20.2016	0.3048211508553655	0.013996889580093312	0.00933125972006221	0.38880248833592534	0.03110419906687403	0.19906687402799378	0.05287713841368585	75720.53735398673
diy.com*	WorldWide	08.14.2016	08.20.2016	0.2491044776119403	0.009701492537313432	0.018805970149253733	0.5383582089552239	0.08791044776119403	0.08985074626865672	0.00626865671641791	1457691.9875292827
dorothyperkins.com*	WorldWide	08.14.2016	08.20.2016	0.26036644165863065	9.643201542912247E-4	0.07232401157184185	0.39247830279652846	0.029893924783027964	0.20154291224686596	0.04243008678881389	163313.3986258597
dreams.co.uk*	WorldWide	08.14.2016	08.20.2016	0.17987152034261242	0.010706638115631691	0.006423982869379015	0.5074946466809421	0.20342612419700215	0.0728051391862955	0.019271948608137045	87360.2641112038
dunelm.com*	WorldWide	08.14.2016	08.20.2016	0.19218449711723254	0.005124919923126201	0.03074951953875721	0.5240230621396541	0.14798206278026907	0.09417040358744394	0.005765534913516977	336478.0935958641
dwell.co.uk*	WorldWide	08.14.2016	08.20.2016	0.2746478873239437	0.04225352112676056	0.0	0.31690140845070425	0.18309859154929578	0.13380281690140844	0.04929577464788732	29350.791180876116
dyson.co.uk*	WorldWide	08.14.2016	08.20.2016	0.23903508771929824	0.013157894736842105	0.019736842105263157	0.41228070175438597	0.20614035087719298	0.10526315789473684	0.0043859649122807015	83993.73681627114
ebuyer.com*	WorldWide	08.14.2016	08.20.2016	0.4315177154944474	0.007932310946589107	0.07350608143839238	0.20870791468358893	0.10223867442270404	0.14895117221928433	0.027146130794993832	948181.7475702922
elc.co.uk*	WorldWide	08.14.2016	08.20.2016	0.2926829268292683	0.006097560975609756	0.09146341463414634	0.3475609756097561	0.04878048780487805	0.17682926829268292	0.036585365853658534	27588.252342780088
emmabridgewater.co.uk*	WorldWide	08.14.2016	08.20.2016	0.40625	0.0	0.1875	0.17708333333333334	0.0	0.21875	0.010416666666666666	14100.144678071912
etsy.com*	WorldWide	08.14.2016	08.20.2016	0.3333068605290488	0.00794795039403751	0.04325248946178752	0.24297757957114058	0.041578593683181626	0.22452196224570836	0.1064145641150956	2.1723157408330344E7
farfetch.com*	WorldWide	08.14.2016	08.20.2016	0.2773139745916515	0.0633393829401089	0.024500907441016333	0.21370235934664247	0.1956442831215971	0.1911978221415608	0.03430127041742287	985491.2779486512
fatface.com*	WorldWide	08.14.2016	08.20.2016	0.3132295719844358	0.005836575875486381	0.1867704280155642	0.28793774319066145	0.07198443579766536	0.10894941634241245	0.02529182879377432	115696.90079034271
feelunique.com*	WorldWide	08.14.2016	08.20.2016	0.3328081922016542	0.08507286333202048	0.06971248523040567	0.1981094919259551	0.08389129578574242	0.20047262701851123	0.02993304450571091	308959.8801034213
figleaves.com*	WorldWide	08.14.2016	08.20.2016	0.2890792291220557	0.008565310492505354	0.044967880085653104	0.3490364025695932	0.11777301927194861	0.17130620985010706	0.019271948608137045	69503.9050695193
fisherpaykel.com*	WorldWide	08.14.2016	08.20.2016	0.19710144927536233	0.020289855072463767	0.05217391304347826	0.5130434782608696	0.057971014492753624	0.11014492753623188	0.04927536231884058	48352.12618684514
fitness-superstore.co.uk*	WorldWide	08.14.2016	08.20.2016	0.22926829268292684	0.04390243902439024	0.0	0.375609756097561	0.2731707317073171	0.07317073170731707	0.004878048780487805	38578.54885167442
furniturevillage.co.uk*	WorldWide	08.14.2016	08.20.2016	0.1359773371104816	0.0226628895184136	0.0169971671388102	0.5892351274787535	0.1643059490084986	0.0708215297450425	0.0	71515.19489127144
georgjensen.com*	WorldWide	08.14.2016	08.20.2016	0.23696682464454977	0.014218009478672985	0.014218009478672985	0.3175355450236967	0.11374407582938388	0.1943127962085308	0.10900473933649289	24812.901463866903
glassesdirect.co.uk*	WorldWide	08.14.2016	08.20.2016	0.3100303951367781	0.0060790273556231	0.02735562310030395	0.42249240121580545	0.09422492401215805	0.1276595744680851	0.0121580547112462	57413.07201047601
goldsmiths.co.uk*	WorldWide	08.14.2016	08.20.2016	0.152317880794702	0.013245033112582781	0.019867549668874173	0.5794701986754967	0.10596026490066225	0.12582781456953643	0.0033112582781456954	50877.72733598539
grahambrown.com*	WorldWide	08.14.2016	08.20.2016	0.19215686274509805	0.0	0.011764705882352941	0.3254901960784314	0.12941176470588237	0.27450980392156865	0.06666666666666667	36956.06229144259
groovystyle.co.uk*	WorldWide	08.14.2016	08.20.2016	0.0	0.0	0.0	1.0	0.0	0.0	0.0	767.485374854156
habitat.co.uk*	WorldWide	08.14.2016	08.20.2016	0.18773946360153257	0.0019157088122605363	0.028735632183908046	0.6168582375478927	0.0421455938697318	0.09961685823754789	0.022988505747126436	100615.13485426492
halfords.com*	WorldWide	08.14.2016	08.20.2016	0.19007891770011273	0.002029312288613303	0.01758737316798196	0.563923337091319	0.10056369785794814	0.11296505073280722	0.012852311161217588	881172.8197995144
harlequin.uk.com*	WorldWide	08.14.2016	08.20.2016	0.3150684931506849	0.0	0.0	0.3150684931506849	0.0	0.2602739726027397	0.1095890410958904	7223.919964683938
harrods.com*	WorldWide	08.14.2016	08.20.2016	0.25306748466257667	0.0	0.013803680981595092	0.44631901840490795	0.062116564417177916	0.19478527607361965	0.0299079754601227	187305.2225800726
harveynichols.com*	WorldWide	08.14.2016	08.20.2016	0.21428571428571427	0.0020408163265306124	0.036734693877551024	0.49795918367346936	0.05918367346938776	0.17551020408163265	0.014285714285714285	73969.81704017008
heals.com*	WorldWide	08.14.2016	08.20.2016	0.24157303370786518	0.02247191011235955	0.016853932584269662	0.46629213483146065	0.10112359550561797	0.12359550561797752	0.028089887640449437	26268.44709728719
hm.com*	WorldWide	08.14.2016	08.20.2016	0.29410164797804345	0.0031401832185641698	0.0449145103663135	0.3268139503257631	0.1285373422181562	0.1589625032452681	0.0435298626478915	6929714.552046297
hobbs.co.uk*	WorldWide	08.14.2016	08.20.2016	0.2682926829268293	0.0	0.13170731707317074	0.37073170731707317	0.04878048780487805	0.14146341463414633	0.03902439024390244	36383.714199865244
homebase.co.uk*	WorldWide	08.14.2016	08.20.2016	0.16749024707412224	0.0059817945383615085	0.022626788036410925	0.646033810143043	0.08764629388816644	0.06397919375812744	0.006241872561768531	842965.9259003901
homesense.com*	WorldWide	08.14.2016	08.20.2016	0.05357142857142857	0.0	0.0	0.5714285714285714	0.21428571428571427	0.16071428571428573	0.0	9509.740062520388
hotpoint.co.uk*	WorldWide	08.14.2016	08.20.2016	0.2903225806451613	0.008064516129032258	0.07258064516129033	0.49193548387096775	0.024193548387096774	0.10483870967741936	0.008064516129032258	31742.193603593536
hotter.com*	WorldWide	08.14.2016	08.20.2016	0.3445378151260504	0.04481792717086835	0.14285714285714285	0.20168067226890757	0.11204481792717087	0.15126050420168066	0.0028011204481792717	70597.53141934049
houseoffraser.co.uk*	WorldWide	08.14.2016	08.20.2016	0.23024211968935587	0.02603928734582001	0.04111466423024212	0.42873458200091363	0.08656920968478757	0.17245317496573778	0.014846962083142987	844136.8447287297
houseology.com*	WorldWide	08.14.2016	08.20.2016	0.33	0.0	0.0	0.29	0.12	0.22	0.04	14591.017562353923
hp.com*	WorldWide	08.14.2016	08.20.2016	0.3113163746548396	0.008291995536332461	0.010678591501111844	0.5470599255512385	0.018457428178123143	0.09611546888872598	0.00808021568962849	1.5401578903543979E7
hughes.co.uk*	WorldWide	08.14.2016	08.20.2016	0.22727272727272727	0.14285714285714285	0.0	0.461038961038961	0.006493506493506494	0.14935064935064934	0.012987012987012988	31729.241462307797
hugoboss.com*	WorldWide	08.14.2016	08.20.2016	0.2828854314002829	0.009900990099009901	0.01166902404526167	0.3451202263083451	0.1272984441301273	0.1371994342291372	0.08592644978783592	243910.85604161047
ikea.com*	WorldWide	08.14.2016	08.20.2016	0.30953602685529313	0.005769092434959837	0.019997602205970508	0.4002541661671262	0.03415417815609639	0.19728569715861408	0.033003237021939816	1.8525833192197427E7
jaeger.co.uk*	WorldWide	08.14.2016	08.20.2016	0.023809523809523808	0.007936507936507936	0.2619047619047619	0.5158730158730159	0.07142857142857142	0.11904761904761904	0.0	25606.702826449313
javari.co.uk*	WorldWide	08.14.2016	08.20.2016	1.0	0.0	0.0	0.0	0.0	0.0	0.0	458.72124459508166
jdsports.co.uk*	WorldWide	08.14.2016	08.20.2016	0.2527279127067934	0.022175290390707498	0.01689545934530095	0.3804998240056318	0.133051742344245	0.16050686378035903	0.03414290742696234	466086.2618339309
jessops.com*	WorldWide	08.14.2016	08.20.2016	0.2589838909541512	0.06815365551425032	0.026022304832713755	0.34324659231722426	0.16356877323420074	0.1251548946716233	0.01486988847583643	164917.5832892064
jigsaw-online.com*	WorldWide	08.14.2016	08.20.2016	0.39568345323741005	0.02877697841726619	0.02158273381294964	0.37410071942446044	0.050359712230215826	0.11510791366906475	0.014388489208633094	28950.350613801987
johnlewis.com*	WorldWide	08.14.2016	08.20.2016	0.23015588604192797	0.00949650600250851	0.027683210894104998	0.41686077763841606	0.09362121483605089	0.20766887654542196	0.014513528041569612	2237671.3468350177
josephjoseph.com*	WorldWide	08.14.2016	08.20.2016	0.34574468085106386	0.005319148936170213	0.015957446808510637	0.3882978723404255	0.05319148936170213	0.16489361702127658	0.026595744680851064	20419.667214487516
joules.com*	WorldWide	08.14.2016	08.20.2016	0.16040955631399317	0.0	0.1945392491467577	0.40955631399317405	0.04778156996587031	0.14675767918088736	0.040955631399317405	54317.60794088458
kiddicare.com*	WorldWide	08.14.2016	08.20.2016	0.1686046511627907	0.005813953488372093	0.0	0.313953488372093	0.3313953488372093	0.1511627906976744	0.029069767441860465	33849.39873265132
lakeland.co.uk*	WorldWide	08.14.2016	08.20.2016	0.24315068493150685	0.003424657534246575	0.0547945205479452	0.3926940639269406	0.13470319634703196	0.1461187214611872	0.02511415525114155	195792.81214969145
laptopsdirect.co.uk*	WorldWide	08.14.2016	08.20.2016	0.19486692015209126	0.03897338403041825	0.0	0.526615969581749	0.16159695817490494	0.0741444866920152	0.0038022813688212928	198998.86969535312
lauraashley.com*	WorldWide	08.14.2016	08.20.2016	0.23044397463002114	0.0021141649048625794	0.03805496828752643	0.46723044397463004	0.11416490486257928	0.11205073995771671	0.035940803382663845	86728.79940912954
lecreuset.co.uk*	WorldWide	08.14.2016	08.20.2016	0.23684210526315788	0.0	0.0	0.5526315789473685	0.13157894736842105	0.07894736842105263	0.0	7093.095916883021
ledhut.co.uk*	WorldWide	08.14.2016	08.20.2016	0.23404255319148937	0.0	0.0425531914893617	0.28368794326241137	0.24113475177304963	0.19148936170212766	0.0070921985815602835	29220.70883836435
lg.com*	WorldWide	08.14.2016	08.20.2016	0.1859140481589461	0.020570132815030773	0.006802721088435374	0.6048212935968038	0.06324910916747652	0.10347154734909837	0.01517114782420905	3982134.8194731497
lighting-direct.co.uk*	WorldWide	08.14.2016	08.20.2016	0.12280701754385964	0.017543859649122806	0.0	0.3508771929824561	0.3684210526315789	0.10526315789473684	0.03508771929824561	11838.144122857135
littlewoods.com*	WorldWide	08.14.2016	08.20.2016	0.44650900900900903	0.003941441441441441	0.03547297297297297	0.30686936936936937	0.04504504504504504	0.14414414414414414	0.018018018018018018	350862.7724803397
lkbennett.com*	WorldWide	08.14.2016	08.20.2016	0.28776978417266186	0.014388489208633094	0.04316546762589928	0.38848920863309355	0.1079136690647482	0.1366906474820144	0.02158273381294964	22537.412108878823
loaf.com*	WorldWide	08.14.2016	08.20.2016	0.2540983606557377	0.0	0.04918032786885246	0.22131147540983606	0.1885245901639344	0.22131147540983606	0.06557377049180328	20166.224709426187
lookfantastic.com*	WorldWide	08.14.2016	08.20.2016	0.22687787429739398	0.026060296371997957	0.0858456821665815	0.2733776188042923	0.12979049565661727	0.21257026060296372	0.045477772100153295	267234.07129497867
made.com*	WorldWide	08.14.2016	08.20.2016	0.4035608308605341	0.018793273986152326	0.03115727002967359	0.11374876360039565	0.1444114737883284	0.1815034619188922	0.10682492581602374	210949.51035102856
mandmdirect.com*	WorldWide	08.14.2016	08.20.2016	0.28129117259552044	0.01383399209486166	0.05928853754940711	0.26745718050065875	0.12779973649538867	0.21870882740447958	0.03162055335968379	233976.74842650976
mankind.co.uk*	WorldWide	08.14.2016	08.20.2016	0.38498789346246975	0.004842615012106538	0.05084745762711865	0.18886198547215496	0.07506053268765134	0.2687651331719128	0.026634382566585957	53552.62576483325
maplin.co.uk*	WorldWide	08.14.2016	08.20.2016	0.23783257624918883	0.010382868267358857	0.008760545100584036	0.48410123296560675	0.14243997404282932	0.10966904607397794	0.00681375730045425	605505.798134623
marksandspencer.com*	WorldWide	08.14.2016	08.20.2016	0.3306473766138632	0.0076000366266825384	0.1236150535665232	0.33550041205017855	0.05127735555352074	0.13597655892317553	0.015383206666056222	2224650.72967072
matalan.co.uk*	WorldWide	08.14.2016	08.20.2016	0.21156138259833135	5.959475566150178E-4	0.09475566150178784	0.4028605482717521	0.03814064362336114	0.1865315852205006	0.06555423122765197	279235.14862942905
missselfridge.com*	WorldWide	08.14.2016	08.20.2016	0.22482435597189696	0.0117096018735363	0.07728337236533958	0.4309133489461358	0.00702576112412178	0.20140515222482436	0.0468384074941452	67722.34789756447
moss.co.uk*	WorldWide	08.14.2016	08.20.2016	0.21105527638190955	0.007537688442211055	0.03768844221105527	0.4296482412060301	0.13819095477386933	0.14824120603015076	0.02763819095477387	61226.85147395144
mothercare.com*	WorldWide	08.14.2016	08.20.2016	0.2036637931034483	0.008620689655172414	0.029094827586206896	0.5549568965517241	0.05495689655172414	0.125	0.023706896551724137	177992.40807575991
mrporter.com*	WorldWide	08.14.2016	08.20.2016	0.39720998531571217	0.028389623103279492	0.035976505139500736	0.18820362212432698	0.06779246206558982	0.2143906020558003	0.0680372001957905	441082.4538089934
mulberry.com*	WorldWide	08.14.2016	08.20.2016	0.2863070539419087	0.016597510373443983	0.03734439834024896	0.38589211618257263	0.11618257261410789	0.1037344398340249	0.05394190871369295	35737.559664539775
nespresso.com*	WorldWide	08.14.2016	08.20.2016	0.359514687100894	0.014687100893997445	0.05268199233716475	0.3089080459770115	0.13825031928480205	0.10648148148148148	0.019157088122605363	745261.8111258096
net-a-porter.com*	WorldWide	08.14.2016	08.20.2016	0.3109397199106962	0.008524457073269738	0.03105337933833976	0.22711589202354374	0.09742236655165415	0.2782626344631622	0.04668155063933428	582429.2568863209
newlook.com*	WorldWide	08.14.2016	08.20.2016	0.275	0.015862068965517243	0.03672413793103448	0.36810344827586206	0.08758620689655172	0.1853448275862069	0.031379310344827584	900787.6184715249
next.co.uk*	WorldWide	08.14.2016	08.20.2016	0.34982817869415805	0.003711340206185567	0.03216494845360825	0.39065292096219933	0.014020618556701031	0.19079037800687285	0.018831615120274914	1344548.9501880147
notonthehighstreet.com*	WorldWide	08.14.2016	08.20.2016	0.2678018575851393	0.005417956656346749	0.0348297213622291	0.4458204334365325	0.06308049535603716	0.14705882352941177	0.035990712074303405	469295.3282963156
oakfurnitureland.co.uk*	WorldWide	08.14.2016	08.20.2016	0.19814241486068113	0.015479876160990712	0.0	0.22910216718266255	0.4458204334365325	0.11145510835913312	0.0	64545.680276460334
oasis-stores.com*	WorldWide	08.14.2016	08.20.2016	0.30105263157894735	0.0	0.05052631578947368	0.43157894736842106	0.056842105263157895	0.13894736842105262	0.021052631578947368	64979.30735333201
oceanlighting.co.uk*	WorldWide	08.14.2016	08.20.2016	0.2	0.0	0.0	0.32	0.32	0.16	0.0	4588.972604823007
office.co.uk*	WorldWide	08.14.2016	08.20.2016	0.1804961505560308	0.026518391787852865	0.020530367835757058	0.49615055603079555	0.07100085543199315	0.16937553464499572	0.03592814371257485	189418.63985012932
orlakiely.com*	WorldWide	08.14.2016	08.20.2016	0.3	0.0	0.0	0.64	0.0	0.06	0.0	7586.058866529118
panasonic.com*	WorldWide	08.14.2016	08.20.2016	0.2921014547947292	0.005864879274887653	0.008454566227435449	0.4918881864574606	0.03427526848960317	0.1566760606291416	0.010739584126742327	1559522.423328795
pcworld.co.uk*	WorldWide	08.14.2016	08.20.2016	0.2519310754604872	0.0011883541295306002	0.004456327985739751	0.5362448009506833	0.06535947712418301	0.12418300653594772	0.016636957813428402	660008.9562226892
phase-eight.com*	WorldWide	08.14.2016	08.20.2016	0.25136612021857924	0.00546448087431694	0.04918032786885246	0.47540983606557374	0.09836065573770492	0.11475409836065574	0.00546448087431694	32032.020884932856
phoneshopbysainsburys.co.uk*	WorldWide	08.14.2016	08.20.2016	0.2972972972972973	0.0	0.0	0.34234234234234234	0.11711711711711711	0.24324324324324326	0.0	24871.354195775497
purecollection.com*	WorldWide	08.14.2016	08.20.2016	0.10588235294117647	0.0	0.35294117647058826	0.2	0.12941176470588237	0.18823529411764706	0.023529411764705882	15026.433336026688
qvcuk.com*	WorldWide	08.14.2016	08.20.2016	0.49790544584081387	0.0023937761819269898	0.03949730700179533	0.293836026331538	0.020945541591861162	0.13524835427887494	0.010173548773189706	314463.83454284794
rakuten.co.uk*	WorldWide	08.14.2016	08.20.2016	0.4346076458752515	0.002012072434607646	0.05130784708249497	0.24849094567404426	0.030181086519114688	0.21327967806841047	0.02012072434607646	171245.78268355
ralphlauren.co.uk*	WorldWide	08.14.2016	08.20.2016	0.2879746835443038	0.0031645569620253164	0.028481012658227847	0.3829113924050633	0.14240506329113925	0.1360759493670886	0.0189873417721519	53217.69102995316
reiss.com*	WorldWide	08.14.2016	08.20.2016	0.20634920634920634	0.001984126984126984	0.05952380952380952	0.3630952380952381	0.047619047619047616	0.27976190476190477	0.041666666666666664	62109.48776411789
richersounds.com*	WorldWide	08.14.2016	08.20.2016	0.26506024096385544	0.002259036144578313	0.045180722891566265	0.5707831325301205	0.0	0.10542168674698796	0.011295180722891566	256802.00647411172
riverisland.com*	WorldWide	08.14.2016	08.20.2016	0.27289048473967686	0.003590664272890485	0.04847396768402154	0.4244165170556553	0.03339317773788151	0.1910233393177738	0.02621184919210054	444983.48587303906
sainsbury.co.uk*	WorldWide	08.14.2016	08.20.2016	1.0	0.0	0.0	0.0	0.0	0.0	0.0	117.06883027958531
sainsburysentertainment.co.uk*	WorldWide	08.14.2016	08.20.2016	0.2694610778443114	0.0	0.05389221556886228	0.39520958083832336	0.005988023952095809	0.2754491017964072	0.0	32695.571823437982
samsung.com*	WorldWide	08.14.2016	08.20.2016	0.22593859318308906	0.013596109080978452	0.020852569020898083	0.5352159382030508	0.06588683563728104	0.1170461786545639	0.021463776220138626	1.6866178445210062E7
sanderson-uk.com*	WorldWide	08.14.2016	08.20.2016	0.045454545454545456	0.0	0.10227272727272728	0.32954545454545453	0.0	0.4431818181818182	0.07954545454545454	10563.646124777755
seafolly.com*	WorldWide	08.14.2016	08.20.2016	0.22	0.0	0.0	0.7	0.0	0.08	0.0	5810.944649975049
seasaltcornwall.co.uk*	WorldWide	08.14.2016	08.20.2016	0.24675324675324675	0.0	0.16883116883116883	0.3463203463203463	0.08225108225108226	0.14285714285714285	0.012987012987012988	45084.330360905515
selfridges.co.uk*	WorldWide	08.14.2016	08.20.2016	1.0	0.0	0.0	0.0	0.0	0.0	0.0	308.06866217957526
shop.mango.com#	WorldWide	08.14.2016	08.20.2016	0.2833659986090915	0.026869823607510907	0.042106594170828855	0.32604160080925587	0.10438136182588355	0.18549661756338118	0.03173800341404818	1474010.5797245682
siemens.co.uk*	WorldWide	08.14.2016	08.20.2016	0.21428571428571427	0.0	0.0	0.7	0.0	0.07142857142857142	0.014285714285714285	14085.572121089233
simbasleep.com*	WorldWide	08.14.2016	08.20.2016	0.18461538461538463	0.13846153846153847	0.046153846153846156	0.13846153846153847	0.13846153846153847	0.046153846153846156	0.3076923076923077	8232.20893448548
simplehuman.com*	WorldWide	08.14.2016	08.20.2016	0.28113879003558717	0.02491103202846975	0.010676156583629894	0.4377224199288256	0.15658362989323843	0.08540925266903915	0.0035587188612099642	45196.40653199972
simplyelectricals.co.uk*	WorldWide	08.14.2016	08.20.2016	0.043478260869565216	0.0	0.0	0.8260869565217391	0.08695652173913043	0.043478260869565216	0.0	4748.965340523995
sofa.com*	WorldWide	08.14.2016	08.20.2016	0.44554455445544555	0.0297029702970297	0.0	0.1782178217821782	0.22772277227722773	0.0891089108910891	0.0297029702970297	19531.20380882282
sofology.co.uk*	WorldWide	08.14.2016	08.20.2016	0.24691358024691357	0.012345679012345678	0.0	0.345679012345679	0.3271604938271605	0.06172839506172839	0.006172839506172839	26022.790147452593
sony.co.uk*	WorldWide	08.14.2016	08.20.2016	0.2184436274509804	0.0	0.021139705882352942	0.6400122549019608	0.0	0.11182598039215687	0.00857843137254902	468022.8168418133
spacenk.com*	WorldWide	08.14.2016	08.20.2016	0.3010471204188482	0.007853403141361256	0.031413612565445025	0.2801047120418848	0.07068062827225131	0.27486910994764396	0.034031413612565446	52901.6840023681
sportsdirect.com*	WorldWide	08.14.2016	08.20.2016	0.3816159977091586	2.863551758698039E-4	0.03651028492339999	0.2885028396888274	0.008590655276094115	0.21615043191905695	0.06834343530759318	2439981.1515842825
steamer.co.uk*	WorldWide	08.14.2016	08.20.2016	0.1111111111111111	0.0	0.1111111111111111	0.4074074074074074	0.2222222222222222	0.1111111111111111	0.037037037037037035	4487.312942056594
store.apple.com#	WorldWide	08.14.2016	08.20.2016	0.14322332585709707	2.1360674997329915E-4	0.03716757449535405	0.01580689949802414	0.0013884438748264444	0.7977144077752857	0.004485741749439282	1334101.5253812997
sweatybetty.com*	WorldWide	08.14.2016	08.20.2016	0.16216216216216217	0.005405405405405406	0.06486486486486487	0.3945945945945946	0.12972972972972974	0.20540540540540542	0.03783783783783784	28235.364531408337
swooneditions.com*	WorldWide	08.14.2016	08.20.2016	0.2857142857142857	0.0	0.08571428571428572	0.29285714285714287	0.16428571428571428	0.1	0.07142857142857142	27147.152857953286
techradar.com*	WorldWide	08.14.2016	08.20.2016	0.1744396852276123	7.371252116744696E-4	0.0030481123617890227	0.7585616097220839	7.968921207291563E-5	0.043052096822392666	0.020081681442374738	7392746.823567083
tedbaker.com*	WorldWide	08.14.2016	08.20.2016	0.2204724409448819	0.01673228346456693	0.02952755905511811	0.42322834645669294	0.10728346456692914	0.17421259842519685	0.028543307086614175	143403.0029240778
thewhitecompany.com*	WorldWide	08.14.2016	08.20.2016	0.19597989949748743	0.005025125628140704	0.07537688442211055	0.4020100502512563	0.0829145728643216	0.20100502512562815	0.03768844221105527	76575.42633919446
tiffany.co.uk*	WorldWide	08.14.2016	08.20.2016	0.28191489361702127	0.0	0.0	0.4627659574468085	0.10106382978723404	0.14361702127659576	0.010638297872340425	30799.714882965156
topshop.com*	WorldWide	08.14.2016	08.20.2016	0.30375867075334734	0.008549766091305049	0.021293757057589933	0.4153895789643491	0.020003226326826908	0.2006775286336506	0.03032747217293112	868933.8118786173
toysrus.co.uk*	WorldWide	08.14.2016	08.20.2016	0.15544041450777202	0.027202072538860103	0.007772020725388601	0.6476683937823834	0.04404145077720207	0.11269430051813471	0.0051813471502590676	141415.91556517076
tuclothing.sainsburys.co.uk#	WorldWide	08.14.2016	08.20.2016	0.1206611570247934	0.01652892561983471	0.09917355371900827	0.4297520661157025	0.006611570247933884	0.31239669421487604	0.01487603305785124	127573.16897090922
uk.lizearle.com#	WorldWide	08.14.2016	08.20.2016	0.43157894736842106	0.0	0.0	0.25263157894736843	0.16842105263157894	0.07368421052631578	0.07368421052631578	19286.4744839205
very.co.uk*	WorldWide	08.14.2016	08.20.2016	0.36769759450171824	0.008987575997885276	0.03251387787470262	0.3132434575733545	0.09357652656621729	0.1662701559608776	0.017710811525244514	744080.3353588284
wallis-fashion.com*	WorldWide	08.14.2016	08.20.2016	0.5	0.0	0.5	0.0	0.0	0.0	0.0	558.3171515047975
warehouse.co.uk*	WorldWide	08.14.2016	08.20.2016	0.2623456790123457	0.009259259259259259	0.07407407407407407	0.47530864197530864	0.018518518518518517	0.14814814814814814	0.012345679012345678	53016.23876465167
wayfair.com*	WorldWide	08.14.2016	08.20.2016	0.29248056707881914	0.029038624189455877	0.03032743968746224	0.33460872366990213	0.14672358935116195	0.1379032582866809	0.028917797736517783	4375483.137098354
westelm.co.uk*	WorldWide	08.14.2016	08.20.2016	0.40594059405940597	0.0	0.0297029702970297	0.27722772277227725	0.07920792079207921	0.16831683168316833	0.039603960396039604	20089.85420189011
whistles.com*	WorldWide	08.14.2016	08.20.2016	0.22569444444444445	0.0	0.03125	0.3576388888888889	0.013888888888888888	0.2638888888888889	0.1076388888888889	37098.670973897715
whitestuff.com*	WorldWide	08.14.2016	08.20.2016	0.3248730964467005	0.01015228426395939	0.16751269035532995	0.2131979695431472	0.1598984771573604	0.09390862944162437	0.030456852791878174	79125.19612587291
worldstores.co.uk*	WorldWide	08.14.2016	08.20.2016	0.26582278481012656	0.03164556962025317	0.0379746835443038	0.189873417721519	0.3639240506329114	0.10126582278481013	0.00949367088607595	61750.979149582316
zalando.co.uk*	WorldWide	08.14.2016	08.20.2016	0.22622699386503067	0.008819018404907975	0.040260736196319015	0.3523773006134969	0.16257668711656442	0.18098159509202455	0.028757668711656442	414703.888365764
zara.com*	WorldWide	08.14.2016	08.20.2016	0.31360632074754996	4.5582314062143887E-4	0.020436070804527844	0.42984122160601684	0.011446225531160576	0.18463369545949504	0.03958064271062828	4148241.781435487
zarahome.com*	WorldWide	08.14.2016	08.20.2016	0.2289738430583501	4.0241448692152917E-4	0.04346076458752515	0.5364185110663984	0.01006036217303823	0.15533199195171027	0.02535211267605634	255743.65728620297
boots.com*	WorldWide	08.13.2017	08.19.2017	0.18110209789276652	0.005940009036152738	0.01791635157931475	0.6114471000392173	0.06656020936186285	0.08958175789657373	0.027452474194111304	1245728.2120065806
lecreuset.co.uk*	WorldWide	08.13.2017	08.19.2017	0.1015625	0.0	0.0	0.5078125	0.15625	0.078125	0.15625	3854.502443618287
simbasleep.com*	WorldWide	08.13.2017	08.19.2017	0.1098901098901099	0.018315018315018316	0.027472527472527476	0.33882783882783885	0.12454212454212456	0.12454212454212456	0.25641025641025644	21365.04999909137
uk.lizearle.com#	WorldWide	08.13.2017	08.19.2017	0.2193396226415094	0.023584905660377357	0.03537735849056603	0.32547169811320753	0.11792452830188678	0.2311320754716981	0.04716981132075471	16088.701814879178
whistles.com*	WorldWide	08.13.2017	08.19.2017	0.23316498316498319	0.06734006734006735	0.04545454545454546	0.44696969696969696	0.033670033670033676	0.13973063973063976	0.033670033670033676	37138.9190164704
fitness-superstore.co.uk*	WorldWide	08.13.2017	08.19.2017	0.07859358841778698	0.02585315408479835	0.015511892450879009	0.5501551189245089	0.23061013443640127	0.08893485005170632	0.01034126163391934	31861.210476173073
mulberry.com*	WorldWide	08.13.2017	08.19.2017	0.21604278074866312	0.010695187165775402	0.04812834224598931	0.3850267379679145	0.19786096256684496	0.08877005347593585	0.05347593582887701	27816.53985139749
sanderson-uk.com*	WorldWide	08.13.2017	08.19.2017	0.18181818181818182	0.0	0.0	0.8181818181818182	0.0	0.0	0.0	1291.0986496709327
elc.co.uk*	WorldWide	08.13.2017	08.19.2017	0.20637583892617453	0.016778523489932886	0.12583892617449666	0.4865771812080537	0.07550335570469799	0.058724832214765106	0.0302013422818792	20372.079798128743
hobbs.co.uk*	WorldWide	08.13.2017	08.19.2017	0.3375142531356898	0.04290193842645382	0.07482896237172178	0.3013112884834664	0.05986316989737742	0.13568985176738882	0.04789053591790194	33749.01489278413
missselfridge.com*	WorldWide	08.13.2017	08.19.2017	0.2951240875912408	0.016350364963503648	0.03433576642335765	0.3985401459854014	0.03474452554744525	0.16981021897810214	0.05109489051094889	77291.01884834372
disneystore.co.uk*	WorldWide	08.13.2017	08.19.2017	0.29630110317975333	0.034003893575600255	0.0	0.41271901362751445	0.027255029201816997	0.15029201817001944	0.07942894224529526	93994.34224171798
steamer.co.uk*	WorldWide	08.13.2017	08.19.2017	0.19444444444444445	0.0	0.16666666666666666	0.3333333333333333	0.19444444444444445	0.1111111111111111	0.0	6703.769118022094
store.apple.com#	WorldWide	08.13.2017	08.19.2017	0.08552999175309745	8.343153727066589E-5	0.07689884790237275	0.013933066724201203	8.343153727066589E-5	0.8149779000516332	0.008493330494153786	1658845.554599929
zalando.co.uk*	WorldWide	08.13.2017	08.19.2017	0.2328835742166558	0.03932124835761372	0.045975613464286816	0.4259753894115897	0.03266688325094062	0.17773940430789328	0.0454378869910203	397086.914748135
harveynichols.com*	WorldWide	08.13.2017	08.19.2017	0.2745216212144041	0.03164080156697303	0.020340515293054088	0.4786801265632062	0.054241374114810906	0.11797498869971372	0.02260057254783788	67431.94359166568
thewhitecompany.com*	WorldWide	08.13.2017	08.19.2017	0.22930315664085768	0.020845741512805244	0.02680166765932103	0.4192972007147112	0.08636092912447887	0.1429422275163788	0.0744490768314473	63427.88190950453
zarahome.com*	WorldWide	08.13.2017	08.19.2017	0.18885613148441324	0.0010379154592061654	0.033836043970120994	0.6196355291460808	0.026709024483571993	0.10494619007171194	0.024979165384895047	332549.86155956774
asos.com*	WorldWide	08.13.2017	08.19.2017	0.3334381751125515	0.005242591881644846	0.05113733719014054	0.2408983722831323	0.05281571804341196	0.22265163618259343	0.09381616930652571	7348092.286246473
fatface.com*	WorldWide	08.13.2017	08.19.2017	0.3561085972850678	0.004524886877828054	0.11266968325791854	0.2941176470588235	0.06334841628959276	0.11447963800904976	0.05475113122171945	85047.49135438888
pcworld.co.uk*	WorldWide	08.13.2017	08.19.2017	0.17865453002209775	0.0013658603212698603	0.009219557168571556	0.6338177259401265	0.07170766686666766	0.08840530929419171	0.016829350387075063	589626.7794687527
tedbaker.com*	WorldWide	08.13.2017	08.19.2017	0.2472219907740552	0.022269521811254436	0.05153803619176028	0.4234390504397094	0.08048841454639102	0.11841477363106824	0.05662821260576128	194640.336411381
zara.com*	WorldWide	08.13.2017	08.19.2017	0.3501242699214649	5.357712420772338E-4	0.02347334086717154	0.4436303619329212	0.008138620296316075	0.1426234443245243	0.0314741914155249	4384859.637731432
boden.co.uk*	WorldWide	08.13.2017	08.19.2017	0.23909598511034302	0.022334485509173094	0.08710449348577506	0.30553576176548797	0.10720553044403086	0.17842063281042278	0.060303110874767356	72820.99532929694
dreams.co.uk*	WorldWide	08.13.2017	08.19.2017	0.16361312313591816	0.017043033659991477	0.016616957818491693	0.624201107797188	0.1303792074989348	0.03962505325948019	0.008521516829995739	85228.30473771699
ralphlauren.co.uk*	WorldWide	08.13.2017	08.19.2017	0.26294896030245746	0.0033081285444234404	0.0	0.4055765595463138	0.16209829867674858	0.08799621928166353	0.07807183364839321	51482.72021043541
emmabridgewater.co.uk*	WorldWide	08.13.2017	08.19.2017	0.3023255813953489	0.0	0.05813953488372093	0.4844961240310077	0.0	0.13565891472868216	0.01937984496124031	9501.350383336594
harlequin.uk.com*	WorldWide	08.13.2017	08.19.2017	0.2	0.0	0.0	0.6	0.0	0.2	0.0	269.12148631286357
lauraashley.com*	WorldWide	08.13.2017	08.19.2017	0.1957205789804909	0.02202643171806167	0.028319697923222153	0.5462555066079294	0.059786028949024544	0.09565764631843926	0.05223410950283197	58961.793550970644
hotpoint.co.uk*	WorldWide	08.13.2017	08.19.2017	0.20193470374848854	0.0	0.036275695284159616	0.5538089480048368	0.018137847642079808	0.13784764207980654	0.051995163240628785	30218.4532845758
joules.com*	WorldWide	08.13.2017	08.19.2017	0.2517110266159696	0.019011406844106463	0.07984790874524715	0.46083650190114067	0.022813688212927757	0.1482889733840304	0.017490494296577945	44066.763783734415
samsung.com*	WorldWide	08.13.2017	08.19.2017	0.17908899292836664	0.009485983268008745	0.03594111677479456	0.5753196445429332	0.06738379295618158	0.09211926863373014	0.04066120089598461	1.305539073736971E7
direct.asda.com#	WorldWide	08.13.2017	08.19.2017	0.2470234203673886	0.012866445252229401	0.032126886163341105	0.255877507256989	0.07254747397010534	0.29175710661889703	0.08780116037104978	685329.1026419896
heals.com*	WorldWide	08.13.2017	08.19.2017	0.2247557003257329	0.01036422860527095	0.049748297305300566	0.5907610305004442	0.051821143026354745	0.03109268581581285	0.0414569144210838	15782.318210170055
oakfurnitureland.co.uk*	WorldWide	08.13.2017	08.19.2017	0.1851195748449956	0.0044286979627989375	0.013286093888396812	0.2949512843224092	0.3906111603188663	0.07174490699734279	0.03985828166519044	42327.14640530847
rakuten.co.uk*	WorldWide	08.13.2017	08.19.2017	0.567467652495379	0.0046210720887245845	0.06931608133086876	0.11829944547134937	0.009242144177449169	0.09242144177449169	0.13863216266173753	36117.763300186176
selfridges.co.uk*	WorldWide	08.13.2017	08.19.2017	0.75	0.0	0.0	0.0	0.0	0.25	0.0	760.0756174748549
kiddicare.com*	WorldWide	08.13.2017	08.19.2017	0.1770833333333334	0.019531250000000003	0.0	0.42187500000000006	0.15364583333333337	0.2018229166666667	0.02604166666666667	26167.531248870197
mandmdirect.com*	WorldWide	08.13.2017	08.19.2017	0.27636283623961716	0.029649595687331536	0.042356565267616476	0.2913618277499679	0.14837633166474135	0.15125511120890406	0.0606377321818215	220861.43245061138
maplin.co.uk*	WorldWide	08.13.2017	08.19.2017	0.2208384880752599	0.003924456089073942	0.039087582647176454	0.5805840338175989	0.07173905730827165	0.06200640620736827	0.021819975855251115	577525.1538133997
orlakiely.com*	WorldWide	08.13.2017	08.19.2017	0.27361563517915305	0.0	0.14657980456026057	0.4332247557003257	0.0	0.08143322475570032	0.06514657980456025	10826.345938559813
simplyelectricals.co.uk*	WorldWide	08.13.2017	08.19.2017	0.11235955056179775	0.07303370786516854	0.0	0.7584269662921348	0.0	0.056179775280898875	0.0	6257.96582457588
